RD
-145.9223, 126.896, 140.8186, -166.6117, -58.37407, 140.7634, 45 | 0.02358794, 0.5786473, 0.3510742 | 1
-146.3019, 126.6932, 140.654, -166.6725, -58.21489, 141.1429, 45 | 0.02395153, 0.5791784, 0.3512453 | 1
-146.18, 126.7557, 140.6976, -166.6463, -58.25191, 141.0397, 45 | 0.02382791, 0.5791318, 0.3511602 | 1
-145.7288, 126.9773, 140.8939, -166.5411, -58.33038, 140.5686, 45 | 0.02330703, 0.5785276, 0.3508256 | 1
-145.7039, 126.9796, 140.9032, -166.5346, -58.31131, 140.5503, 45 | 0.02317411, 0.5784996, 0.3507943 | 1
-145.9518, 126.7701, 140.8236, -166.55, -58.09382, 140.9042, 45 | 0.02304125, 0.5794153, 0.3507405 | 1
-146.1189, 126.6494, 140.6936, -166.5969, -58.11366, 141.2751, 45 | 0.02310139, 0.5804402, 0.3509301 | 1
-146.3583, 126.4738, 140.5437, -166.6572, -58.13688, 141.6819, 45 | 0.02332309, 0.5812682, 0.3512959 | 1
-146.5677, 126.2143, 140.5134, -166.6388, -57.95961, 141.9021, 45 | 0.02344513, 0.5814592, 0.3515639 | 1
-146.6942, 126.0044, 140.5272, -166.5958, -57.73115, 142.0562, 45 | 0.02331844, 0.5817916, 0.3515783 | 1
-146.5456, 125.9454, 140.5608, -166.5363, -57.83338, 142.1472, 45 | 0.02318862, 0.5825382, 0.3517342 | 1
-146.6273, 125.799, 140.472, -166.5415, -57.90557, 142.4928, 45 | 0.02331942, 0.5836527, 0.3520289 | 1
-147.0342, 125.4047, 140.3924, -166.5446, -57.61009, 142.9239, 45 | 0.02362534, 0.5842375, 0.3523471 | 1
-147.1293, 125.2094, 140.4146, -166.4959, -57.39448, 143.0355, 45 | 0.02348563, 0.584438, 0.3523957 | 1
-147.3264, 124.8886, 140.3488, -166.4629, -57.21207, 143.4391, 45 | 0.0234662, 0.5854586, 0.3526936 | 1
-147.5038, 124.6655, 140.3, -166.4562, -57.08646, 143.7363, 45 | 0.02354449, 0.5861496, 0.3528942 | 1
-147.671, 124.3652, 140.2717, -166.4285, -56.99716, 144.0873, 45 | 0.02370071, 0.5869814, 0.3532919 | 1
-147.7961, 124.1555, 140.2538, -166.4095, -56.89423, 144.3147, 45 | 0.02373996, 0.5874685, 0.3535292 | 1
-147.9992, 123.682, 140.2582, -166.3305, -56.55215, 144.794, 45 | 0.02339789, 0.5887785, 0.3538423 | 1
-148.1179, 123.4003, 140.2103, -166.3072, -56.44206, 145.1943, 45 | 0.02319148, 0.5899214, 0.3541478 | 1
-148.2767, 123.0752, 140.1492, -166.2884, -56.34085, 145.6392, 45 | 0.02310386, 0.5910456, 0.3545859 | 1
-148.645, 122.4023, 140.064, -166.2522, -56.05045, 146.4573, 45 | 0.02297387, 0.5928559, 0.3554448 | 1
-148.6766, 122.1417, 140.0805, -166.1961, -55.91256, 146.7035, 45 | 0.02262184, 0.5935696, 0.3557332 | 1
-149.0261, 121.343, 139.9674, -166.1375, -55.61078, 147.7069, 45 | 0.02227965, 0.5959473, 0.3568492 | 1
-149.3889, 120.739, 139.877, -166.1232, -55.36103, 148.4419, 45 | 0.02232778, 0.5973614, 0.3577381 | 1
-149.6317, 120.3154, 139.8505, -166.1025, -55.15547, 148.8997, 45 | 0.0223465, 0.5981876, 0.358332 | 1
-149.9728, 119.4004, 139.8415, -165.9842, -54.71299, 149.8578, 45 | 0.02203798, 0.6004403, 0.3595601 | 1
-150.1179, 118.9628, 139.8297, -165.9269, -54.57555, 150.3585, 45 | 0.02199581, 0.6017172, 0.3602189 | 1
-150.6716, 117.9596, 139.8247, -165.8619, -54.06682, 151.4544, 45 | 0.02217507, 0.603986, 0.3615608 | 1
-150.956, 117.414, 139.8376, -165.8178, -53.7214, 152.0606, 45 | 0.02211177, 0.6054235, 0.3621718 | 1
-151.1336, 116.775, 139.795, -165.7441, -53.50574, 152.9603, 45 | 0.02177718, 0.6081526, 0.3629872 | 1
-151.1855, 116.5541, 139.7836, -165.7294, -53.53886, 153.2738, 45 | 0.02175206, 0.6089687, 0.3634137 | 1
-151.3038, 116.2053, 139.8428, -165.6766, -53.29908, 153.5745, 45 | 0.02152878, 0.6096883, 0.3638257 | 1
-151.5162, 115.7396, 139.8674, -165.6353, -53.00793, 154.074, 45 | 0.02139503, 0.6108497, 0.3644071 | 1
-151.63, 115.3455, 139.8751, -165.579, -52.80152, 154.5403, 45 | 0.02118933, 0.612197, 0.3649042 | 1
-151.8439, 114.7568, 139.8475, -165.5373, -52.67674, 155.3638, 45 | 0.02118284, 0.6144211, 0.3657972 | 1
-152.1082, 114.3526, 139.8504, -165.5341, -52.41413, 155.8568, 45 | 0.02129781, 0.6154803, 0.3662885 | 1
-152.265, 113.8906, 139.9585, -165.4482, -52.06716, 156.2412, 45 | 0.02114275, 0.6165643, 0.3668054 | 1
-152.2561, 113.6989, 139.9924, -165.3971, -51.99608, 156.4591, 45 | 0.02091655, 0.6174124, 0.3670297 | 1
-152.4581, 113.0675, 140.0527, -165.3085, -51.64323, 157.2477, 45 | 0.02068591, 0.6199452, 0.3676902 | 1
-152.7707, 112.5345, 140.0163, -165.3113, -51.43673, 158.0575, 45 | 0.02095324, 0.6220232, 0.3683835 | 1
-153.0865, 111.9047, 140.1234, -165.2392, -51.01259, 158.6643, 45 | 0.02117944, 0.6234836, 0.3692082 | 1
-153.097, 111.7469, 140.2208, -165.1765, -50.86334, 158.6838, 45 | 0.02105525, 0.6236298, 0.3694002 | 1
-153.0989, 111.5753, 140.2832, -165.1158, -50.71836, 158.8223, 45 | 0.02087575, 0.6243128, 0.3695334 | 1
-153.6681, 110.4462, 140.346, -165.0454, -50.15201, 160.4391, 45 | 0.02132866, 0.6291631, 0.3707407 | 1
-153.7124, 110.2253, 140.3939, -164.9907, -50.00539, 160.7045, 45 | 0.02127519, 0.6302598, 0.3709114 | 1
-153.5731, 110.1231, 140.5135, -164.8703, -49.88345, 160.6214, 45 | 0.02088079, 0.6306067, 0.3709803 | 1
-153.6225, 109.8028, 140.6238, -164.7639, -49.55477, 160.8751, 45 | 0.02070928, 0.6318303, 0.3712282 | 1
-153.9915, 109.0006, 140.6996, -164.6638, -49.14571, 161.9274, 45 | 0.02132779, 0.6351627, 0.3721762 | 1
-154.1476, 108.6293, 140.729, -164.6137, -48.91868, 162.4172, 45 | 0.02153438, 0.6367615, 0.3725969 | 1
-154.1051, 108.5651, 140.7387, -164.5718, -48.99323, 162.4588, 45 | 0.02160037, 0.6369652, 0.3728037 | 1
-154.0314, 108.3828, 140.8477, -164.4477, -48.81078, 162.468, 45 | 0.02137938, 0.6374946, 0.3730325 | 1
-154.1634, 107.9406, 140.9376, -164.3521, -48.46623, 162.9389, 45 | 0.02140078, 0.6392328, 0.3735203 | 1
-154.537, 107.1062, 141.013, -164.2637, -48.01995, 163.9839, 45 | 0.02192, 0.6422371, 0.374704 | 1
-154.6114, 106.8544, 141.06, -164.2165, -47.86352, 164.2274, 45 | 0.02194539, 0.6429626, 0.3751057 | 1
-154.7279, 106.3727, 141.2364, -164.0774, -47.45032, 164.5732, 45 | 0.02192304, 0.6443855, 0.3757346 | 1
-154.9426, 105.8637, 141.3574, -163.9921, -47.04838, 165.1205, 45 | 0.02214029, 0.6462561, 0.3763387 | 1
-155.0642, 105.363, 141.4901, -163.8674, -46.66658, 165.6579, 45 | 0.02215013, 0.6484652, 0.3768811 | 1
-155.0829, 105.2171, 141.5259, -163.8334, -46.59933, 165.8329, 45 | 0.02208009, 0.6491537, 0.3770573 | 1
-155.1996, 104.7637, 141.6863, -163.7219, -46.19645, 166.2856, 45 | 0.02194217, 0.6511053, 0.3774961 | 1
-155.2141, 104.5438, 141.7791, -163.6385, -45.99617, 166.4791, 45 | 0.02182525, 0.6521952, 0.3776805 | 1
-155.2568, 104.3136, 141.8194, -163.5903, -45.88803, 166.8054, 45 | 0.02180454, 0.6534927, 0.3779134 | 1
-155.4305, 103.7816, 142.0095, -163.4828, -45.41143, 167.3524, 45 | 0.02167249, 0.6556865, 0.3784599 | 1
-155.4542, 103.6116, 142.1146, -163.4129, -45.22232, 167.4165, 45 | 0.02156568, 0.6561874, 0.3786632 | 1
-155.5888, 103.0754, 142.2932, -163.2962, -44.80584, 168.0459, 45 | 0.02136272, 0.6588485, 0.379159 | 1
-155.6101, 102.8177, 142.3762, -163.2291, -44.58867, 168.411, 45 | 0.02108756, 0.6606138, 0.3792639 | 1
-155.6088, 102.5439, 142.5248, -163.1305, -44.34575, 168.6753, 45 | 0.02065364, 0.6621666, 0.3794239 | 1
-155.7601, 102.1807, 142.6724, -163.0774, -43.98233, 169.0903, 45 | 0.02052137, 0.663823, 0.3797252 | 1
-155.8241, 101.9318, 142.8105, -163.0096, -43.60366, 169.3276, 45 | 0.02022815, 0.6651828, 0.3798075 | 1
-155.7269, 101.6728, 142.945, -162.8799, -43.4325, 169.5793, 45 | 0.01957825, 0.6669145, 0.3799698 | 1
-155.7426, 101.5109, 142.9952, -162.8388, -43.38226, 169.7709, 45 | 0.01947579, 0.6676925, 0.3801845 | 1
-156.0306, 100.7709, 143.2659, -162.7171, -42.6664, 170.646, 45 | 0.01937765, 0.671239, 0.3808708 | 1
-156.0207, 100.5602, 143.3535, -162.6369, -42.44413, 170.8698, 45 | 0.01910821, 0.6725531, 0.3810143 | 1
-156.0604, 100.1842, 143.5048, -162.518, -42.17664, 171.2162, 45 | 0.01886302, 0.6742162, 0.3815107 | 1
-156.1068, 100.0107, 143.5907, -162.4682, -42.00947, 171.3374, 45 | 0.01879281, 0.6747924, 0.3817642 | 1
-156.2102, 99.47556, 143.7932, -162.3315, -41.59916, 171.9323, 45 | 0.01851243, 0.6774697, 0.3823546 | 1
-156.2725, 99.19218, 143.8637, -162.2774, -41.43319, 172.3525, 45 | 0.01845515, 0.6791966, 0.382609 | 1
-156.3441, 98.88068, 143.9648, -162.2017, -41.14727, 172.7663, 45 | 0.0184125, 0.6811215, 0.3828417 | 1
-156.4987, 98.46376, 144.2067, -162.0497, -40.62659, 172.9918, 45 | 0.01860756, 0.6826249, 0.3833958 | 1
-156.7161, 98.04172, 144.3699, -161.9664, -40.23721, 173.4107, 45 | 0.01904199, 0.6842699, 0.3839884 | 1
-156.8176, 97.65317, 144.5453, -161.8198, -39.81186, 173.7233, 45 | 0.01925766, 0.6861321, 0.3844627 | 1
-156.7138, 97.64695, 144.5714, -161.7535, -39.78754, 173.663, 45 | 0.01898921, 0.6864492, 0.3844157 | 1
-156.6578, 97.51167, 144.6079, -161.682, -39.73112, 173.8557, 45 | 0.01879087, 0.6876321, 0.3844819 | 1
-156.6801, 97.11399, 144.7189, -161.5329, -39.49799, 174.403, 45 | 0.01888072, 0.690501, 0.384773 | 1
-156.7756, 96.93331, 144.7935, -161.4903, -39.3747, 174.5902, 45 | 0.01913354, 0.6912851, 0.3850117 | 1
-156.7154, 96.86185, 144.8919, -161.3936, -39.26883, 174.5184, 45 | 0.01888821, 0.6917238, 0.385053 | 1
-156.6211, 96.75295, 144.9948, -161.274, -39.07808, 174.5606, 45 | 0.01852277, 0.6929429, 0.384958 | 1
-156.5683, 96.44247, 145.1499, -161.1005, -38.75501, 175.0117, 45 | 0.01826662, 0.6962111, 0.3847728 | 1
-156.6788, 96.21918, 145.2658, -161.0534, -38.42839, 175.306, 45 | 0.01836264, 0.6977566, 0.3848182 | 1
-156.6954, 96.0804, 145.4442, -160.946, -38.1636, 175.2887, 45 | 0.01813814, 0.6986259, 0.3848058 | 1
-156.6512, 96.03687, 145.5255, -160.8805, -38.07388, 175.2888, 45 | 0.01788303, 0.699314, 0.3846504 | 1
-156.474, 95.88755, 145.755, -160.6791, -37.74899, 175.4811, 45 | 0.01694843, 0.7024876, 0.3838665 | 1
-156.4653, 95.81625, 145.8425, -160.6245, -37.59868, 175.5791, 45 | 0.01676333, 0.7035772, 0.3836267 | 1
-156.4985, 95.68913, 145.9912, -160.5483, -37.26613, 175.7219, 45 | 0.0166015, 0.705171, 0.3833085 | 1
-156.3989, 95.60269, 146.2226, -160.3677, -36.8808, 175.6981, 45 | 0.01604486, 0.7073005, 0.3826298 | 1
-156.2702, 95.58584, 146.3343, -160.2624, -36.68768, 175.7286, 45 | 0.01547378, 0.7089111, 0.38202 | 1
-156.2475, 95.46259, 146.4737, -160.172, -36.50958, 175.9824, 45 | 0.01515365, 0.7111454, 0.3814778 | 1
-156.2611, 95.37032, 146.5939, -160.1076, -36.29318, 176.0614, 45 | 0.01495519, 0.7122544, 0.3812522 | 1
-156.2413, 95.12248, 146.7872, -159.9839, -35.94702, 176.5368, 45 | 0.01443213, 0.7157139, 0.3806298 | 1
-156.1656, 95.03879, 146.8477, -159.917, -35.78636, 176.7498, 45 | 0.01407245, 0.7174673, 0.3802308 | 1
-156.3013, 94.71617, 147.0299, -159.7988, -35.35052, 177.1953, 45 | 0.01440024, 0.7203031, 0.3801047 | 1
-156.4093, 94.5937, 147.1915, -159.7199, -35.02249, 177.0832, 45 | 0.01454508, 0.7204672, 0.380302 | 1
-156.4288, 94.54697, 147.2815, -159.6643, -34.91171, 176.9671, 45 | 0.0144645, 0.7204049, 0.3804073 | 1
-156.3672, 94.33969, 147.4496, -159.5203, -34.65359, 177.2236, 45 | 0.0139426, 0.7228327, 0.380102 | 1
-156.2553, 94.20832, 147.5434, -159.4128, -34.45906, 177.4955, 45 | 0.01340532, 0.7251738, 0.3796338 | 1
-156.1611, 93.93124, 147.6572, -159.2841, -34.23361, 178.1045, 45 | 0.01285714, 0.7289371, 0.3791162 | 1
-156.2811, 93.70595, 147.7231, -159.2602, -34.09282, 178.4706, 45 | 0.01310477, 0.7303245, 0.3793051 | 1
-156.2641, 93.63772, 147.8509, -159.13, -33.85967, 178.1609, 45 | 0.0130187, 0.7299544, 0.3796569 | 1
-156.2257, 93.53996, 147.9143, -159.0493, -33.75958, 178.2049, 45 | 0.01284611, 0.7306995, 0.379711 | 1
-156.2815, 93.25671, 148.0169, -158.9666, -33.50772, 178.6138, 45 | 0.01284102, 0.7327849, 0.3798597 | 1
-156.3379, 92.84748, 148.1628, -158.814, -33.1366, 179.0908, 45 | 0.01289675, 0.7354413, 0.3802655 | 1
-156.3689, 92.7119, 148.2352, -158.7456, -33.00974, 179.1276, 45 | 0.01291928, 0.7358524, 0.3805747 | 1
-156.3622, 92.37805, 148.3697, -158.5633, -32.71597, 179.3627, 45 | 0.0128853, 0.7377104, 0.3810815 | 1
-156.4573, 91.88715, 148.458, -158.4115, -32.50141, 180.0324, 45 | 0.01337084, 0.7406679, 0.3817543 | 1
-156.5819, 91.30478, 148.5758, -158.2199, -32.21655, 180.6921, 45 | 0.01396218, 0.743553, 0.3828117 | 1
-156.5893, 91.14588, 148.6354, -158.141, -32.03921, 180.7766, 45 | 0.0139792, 0.7442217, 0.3831611 | 1
-156.5903, 90.99724, 148.729, -158.0294, -31.83802, 180.7348, 45 | 0.01395026, 0.7446573, 0.3835551 | 1
-156.5997, 90.37159, 148.9371, -157.7023, -31.37115, 181.2317, 45 | 0.01413515, 0.7481033, 0.384612 | 1
-156.7117, 89.83436, 149.0447, -157.5402, -31.10207, 181.9271, 45 | 0.01460925, 0.7511107, 0.3854522 | 1
-156.8231, 89.25951, 149.2871, -157.2553, -30.53894, 182.3363, 45 | 0.01504308, 0.7541208, 0.3864276 | 1
-156.8409, 88.97669, 149.398, -157.0897, -30.28235, 182.55, 45 | 0.01525006, 0.7558805, 0.3868322 | 1
-156.8733, 88.37349, 149.5461, -156.8139, -29.8301, 183.2941, 45 | 0.01580024, 0.7601832, 0.3874935 | 1
-156.8168, 88.14153, 149.5953, -156.6609, -29.7943, 183.5038, 45 | 0.01578036, 0.7616986, 0.3878504 | 1
-156.838, 87.717, 149.7809, -156.39, -29.48393, 183.7469, 45 | 0.0159288, 0.764089, 0.3885609 | 1
-156.8868, 87.42905, 149.9028, -156.2388, -29.17358, 183.995, 45 | 0.01619053, 0.7659568, 0.3889275 | 1
-156.8559, 86.89734, 150.0637, -155.9061, -28.75103, 184.5261, 45 | 0.01663408, 0.7700223, 0.3894675 | 1
-156.8244, 86.70835, 150.1368, -155.7741, -28.60282, 184.6978, 45 | 0.01661968, 0.7715514, 0.3896155 | 1
-156.8138, 86.59055, 150.194, -155.6864, -28.52362, 184.7637, 45 | 0.01657569, 0.7723426, 0.3897649 | 1
-156.8938, 86.32323, 150.3559, -155.5161, -28.24467, 184.8959, 45 | 0.01680821, 0.7739432, 0.3901193 | 1
-156.8625, 86.24986, 150.4221, -155.421, -28.10205, 184.8773, 45 | 0.01673397, 0.7746871, 0.3901293 | 1
-156.835, 85.98165, 150.5672, -155.2319, -27.79999, 185.1709, 45 | 0.01664779, 0.7773762, 0.3900588 | 1
-156.8316, 85.8584, 150.6305, -155.1596, -27.68521, 185.359, 45 | 0.0166041, 0.7787362, 0.389944 | 1
-156.7136, 85.78889, 150.7361, -155.0179, -27.42946, 185.4529, 45 | 0.01622036, 0.7808518, 0.3893303 | 1
-156.6873, 85.73331, 150.753, -154.9811, -27.45435, 185.6294, 45 | 0.01614788, 0.7819225, 0.3890561 | 1
-156.7149, 85.69311, 150.8627, -154.9252, -27.30309, 185.5905, 45 | 0.01592571, 0.7824928, 0.3888813 | 1
-156.7018, 85.68756, 150.9246, -154.8779, -27.21238, 185.4843, 45 | 0.01570654, 0.782603, 0.3888404 | 1
-156.6293, 85.68236, 151.0055, -154.7951, -27.0954, 185.3973, 45 | 0.0152486, 0.7832661, 0.3885615 | 1
-156.5265, 85.63121, 151.1547, -154.687, -26.81675, 185.5989, 45 | 0.01455441, 0.7859187, 0.3874869 | 1
-156.5644, 85.53481, 151.2219, -154.6697, -26.72176, 185.8822, 45 | 0.01449364, 0.787416, 0.3870929 | 1
-156.6115, 85.50166, 151.3229, -154.6186, -26.56068, 185.8053, 45 | 0.01441917, 0.787747, 0.3870101 | 1
-156.6117, 85.48866, 151.3869, -154.5692, -26.44351, 185.7636, 45 | 0.01434648, 0.7882335, 0.3868187 | 1
-156.6442, 85.38477, 151.5783, -154.4474, -26.01637, 185.8311, 45 | 0.0142141, 0.7902007, 0.3862605 | 1
-156.5895, 85.38047, 151.5974, -154.4084, -26.01252, 185.8332, 45 | 0.01397648, 0.7906435, 0.3860843 | 1
-156.4959, 85.39385, 151.6174, -154.3507, -26.00775, 185.8324, 45 | 0.01366296, 0.7913696, 0.3857194 | 1
-156.4517, 85.31367, 151.7185, -154.232, -25.79417, 185.981, 45 | 0.01359421, 0.7934394, 0.3850837 | 1
-156.4439, 85.24828, 151.7689, -154.1677, -25.69035, 186.0379, 45 | 0.0135912, 0.794268, 0.3849784 | 1
-156.4026, 85.14126, 151.8506, -154.0455, -25.56136, 186.102, 45 | 0.01344299, 0.7955891, 0.3848329 | 1
-156.3167, 85.0843, 151.8806, -153.9488, -25.51744, 186.15, 45 | 0.0132564, 0.7966312, 0.3846471 | 1
-156.3768, 84.69801, 152.0305, -153.7292, -25.18367, 186.5967, 45 | 0.0136925, 0.7998185, 0.3848176 | 1
-156.4886, 84.46828, 152.1402, -153.624, -24.90253, 186.7929, 45 | 0.01414081, 0.8011973, 0.3851364 | 1
-156.5064, 84.34341, 152.2252, -153.5145, -24.70255, 186.7895, 45 | 0.01421562, 0.8019782, 0.3853409 | 1
-156.3617, 84.22205, 152.2952, -153.3059, -24.58584, 186.7201, 45 | 0.01386654, 0.8032973, 0.3853948 | 1
-156.3347, 83.97097, 152.3481, -153.1568, -24.47197, 187.0699, 45 | 0.01402721, 0.8055364, 0.3854772 | 1
-156.3587, 83.44072, 152.4572, -152.8894, -24.18976, 187.8586, 45 | 0.01468989, 0.8100754, 0.3856804 | 1
-156.3927, 83.33997, 152.5104, -152.8018, -24.1165, 187.8407, 45 | 0.01485154, 0.8104855, 0.3859469 | 1
-156.409, 83.18387, 152.6392, -152.6151, -23.82067, 187.6967, 45 | 0.01495811, 0.811298, 0.3863407 | 1
-156.3246, 83.07801, 152.6606, -152.4809, -23.78076, 187.7639, 45 | 0.01494262, 0.8125081, 0.3863329 | 1
-156.2368, 82.90007, 152.6691, -152.3341, -23.77963, 188.0273, 45 | 0.01502034, 0.8144346, 0.3862845 | 1
-156.2513, 82.58754, 152.7386, -152.1592, -23.62018, 188.4974, 45 | 0.01546645, 0.8173105, 0.3862947 | 1
-156.2332, 82.55317, 152.8099, -152.0504, -23.49414, 188.346, 45 | 0.01540941, 0.8177006, 0.3863142 | 1
-156.1498, 82.50256, 152.8243, -151.9505, -23.48744, 188.3718, 45 | 0.01530004, 0.8186103, 0.3861723 | 1
-156.0729, 82.39692, 152.8437, -151.8428, -23.45232, 188.5355, 45 | 0.01525265, 0.8200765, 0.3859863 | 1
-156.1004, 82.21932, 152.9442, -151.7155, -23.22229, 188.6963, 45 | 0.01539043, 0.8217124, 0.3859785 | 1
-156.1639, 82.11092, 153.021, -151.6447, -23.09816, 188.7495, 45 | 0.01552966, 0.82242, 0.3860762 | 1
-156.1305, 81.91195, 153.1119, -151.474, -22.89882, 188.979, 45 | 0.015596, 0.8246942, 0.3858857 | 1
-156.1356, 81.74888, 153.1616, -151.3703, -22.75969, 189.2081, 45 | 0.01583999, 0.8263168, 0.3858361 | 1
-156.2001, 81.58583, 153.2697, -151.2461, -22.49225, 189.2312, 45 | 0.01607609, 0.8272983, 0.3861161 | 1
-156.2592, 81.50218, 153.3386, -151.181, -22.35445, 189.1969, 45 | 0.01620859, 0.8276011, 0.3863429 | 1
-156.2802, 81.40955, 153.4083, -151.0928, -22.15012, 189.1908, 45 | 0.01634181, 0.8283056, 0.3864597 | 1
-156.3177, 81.25896, 153.4589, -151.0169, -22.04324, 189.3708, 45 | 0.01653376, 0.8294165, 0.3865777 | 1
-156.3067, 81.20718, 153.474, -150.9769, -22.03773, 189.4255, 45 | 0.01649734, 0.8298659, 0.3865927 | 1
-156.2807, 81.10825, 153.5556, -150.861, -21.88122, 189.4313, 45 | 0.0163103, 0.8308736, 0.3865724 | 1
-156.2308, 81.06882, 153.5843, -150.7998, -21.81229, 189.4754, 45 | 0.01616722, 0.831656, 0.3863913 | 1
-156.1814, 80.97826, 153.6235, -150.7115, -21.75398, 189.6286, 45 | 0.01605445, 0.8330292, 0.3861204 | 1
-156.2138, 80.94006, 153.6658, -150.681, -21.68205, 189.6257, 45 | 0.01608393, 0.8332858, 0.3861438 | 1
-156.2117, 80.91777, 153.7093, -150.6367, -21.60974, 189.5888, 45 | 0.01598033, 0.8335969, 0.3860886 | 1
-156.1706, 80.87979, 153.8183, -150.5141, -21.40779, 189.5103, 45 | 0.01566792, 0.8347001, 0.3857189 | 1
-156.153, 80.86316, 153.8645, -150.4736, -21.30045, 189.5389, 45 | 0.0155628, 0.8354073, 0.3854263 | 1
-156.1515, 80.79682, 153.9388, -150.4341, -21.20002, 189.7797, 45 | 0.01538143, 0.8370465, 0.3847724 | 1
-156.1633, 80.77053, 153.9734, -150.4148, -21.15995, 189.8155, 45 | 0.0152972, 0.8374203, 0.3846613 | 1
-156.0866, 80.77367, 154.052, -150.301, -21.02743, 189.6213, 45 | 0.01484054, 0.837893, 0.3844707 | 1
-156.0124, 80.79713, 154.0749, -150.2515, -21.00978, 189.5535, 45 | 0.01450217, 0.8382539, 0.3842052 | 1
-155.9069, 80.82787, 154.075, -150.2232, -21.04247, 189.5847, 45 | 0.01408526, 0.8388727, 0.3837552 | 1
-155.8527, 80.79203, 154.0924, -150.2086, -21.06867, 189.8338, 45 | 0.01380703, 0.8402007, 0.3831465 | 1
-155.9081, 80.7403, 154.1202, -150.2018, -21.02215, 189.9192, 45 | 0.01396984, 0.8405504, 0.3831542 | 1
-156.0318, 80.66545, 154.2453, -150.1517, -20.68422, 189.8614, 45 | 0.0142225, 0.8409669, 0.3832495 | 1
-156.0414, 80.65732, 154.2963, -150.1152, -20.53603, 189.7563, 45 | 0.01415354, 0.8409997, 0.3832985 | 1
-156.0181, 80.68532, 154.333, -150.0915, -20.36905, 189.6282, 45 | 0.01403582, 0.840966, 0.3832443 | 1
-155.9673, 80.74441, 154.3169, -150.0936, -20.35059, 189.5736, 45 | 0.01399916, 0.8409702, 0.3830161 | 1
-156.0112, 80.79984, 154.2559, -150.1741, -20.4859, 189.7161, 45 | 0.01446077, 0.8409573, 0.382696 | 1
LD
113.1222, 100.6189, -154.8316, -136.2277, 21.34693, 156.3118, 45 | -0.01679972, 0.8460935, 0.3642155 | 1
113.0201, 100.6734, -154.7695, -136.3051, 21.40088, 156.3853, 45 | -0.01624873, 0.8457472, 0.3645834 | 1
112.9881, 100.6875, -154.7614, -136.318, 21.38968, 156.3386, 45 | -0.01586446, 0.8453865, 0.3646431 | 1
112.9856, 100.6942, -154.7594, -136.3203, 21.3517, 156.2292, 45 | -0.0154492, 0.8447663, 0.3646914 | 1
113.2202, 100.6806, -154.6998, -136.4351, 21.24505, 156.3033, 45 | -0.01574671, 0.8439931, 0.3649737 | 1
113.3184, 100.7556, -154.6404, -136.5957, 21.27313, 156.4918, 45 | -0.01605263, 0.8437712, 0.3650665 | 1
113.2036, 100.9189, -154.6361, -136.6928, 21.3073, 156.4245, 45 | -0.01546231, 0.8431033, 0.3646966 | 1
113.0958, 101.0398, -154.6274, -136.7508, 21.33527, 156.3162, 45 | -0.01485685, 0.8423511, 0.3645285 | 1
113.5203, 101.0855, -154.52, -137.001, 21.06155, 156.4164, 45 | -0.0152311, 0.8406229, 0.3647184 | 1
114.1585, 101.0698, -154.4147, -137.2961, 20.66013, 156.6065, 45 | -0.01602867, 0.8389183, 0.3648175 | 1
114.5894, 101.1791, -154.3374, -137.5741, 20.37705, 156.6323, 45 | -0.01633826, 0.8369102, 0.3646142 | 1
114.5497, 101.2529, -154.3208, -137.6312, 20.40962, 156.6429, 45 | -0.01619831, 0.8366677, 0.3645431 | 1
114.7546, 101.3155, -154.2837, -137.7709, 20.24344, 156.6159, 45 | -0.01615515, 0.8354645, 0.3644054 | 1
115.385, 101.3648, -154.2178, -138.0506, 19.67606, 156.4398, 45 | -0.01596966, 0.832199, 0.3640761 | 1
115.3419, 101.4493, -154.1949, -138.1239, 19.7067, 156.4594, 45 | -0.01575503, 0.831887, 0.3640077 | 1
115.1257, 101.6815, -154.1588, -138.2917, 19.97604, 156.6108, 45 | -0.0155305, 0.8319885, 0.3637863 | 1
115.319, 101.8476, -154.1033, -138.5646, 19.85133, 156.7403, 45 | -0.01542932, 0.8308904, 0.3633811 | 1
116.1406, 101.9852, -153.96, -139.0691, 19.23421, 156.8341, 45 | -0.01569375, 0.8273257, 0.3630739 | 1
116.2048, 102.0527, -153.9226, -139.1761, 19.24364, 156.9052, 45 | -0.01581809, 0.8269366, 0.3630898 | 1
116.1048, 102.1307, -153.9218, -139.2175, 19.3387, 156.9396, 45 | -0.01564872, 0.827054, 0.3629422 | 1
116.5987, 102.2181, -153.8844, -139.4757, 18.95233, 156.7562, 45 | -0.01537988, 0.8241987, 0.3625315 | 1
116.9732, 102.2398, -153.8375, -139.6261, 18.62935, 156.6594, 45 | -0.01544663, 0.8223535, 0.3624302 | 1
116.9528, 102.3914, -153.8036, -139.7651, 18.71491, 156.7566, 45 | -0.01556033, 0.8221421, 0.3622146 | 1
116.9712, 102.4686, -153.8019, -139.8542, 18.72544, 156.8038, 45 | -0.01549166, 0.8219757, 0.3619481 | 1
117.2856, 102.6636, -153.7277, -140.1708, 18.53699, 156.871, 45 | -0.01558846, 0.8202018, 0.3615334 | 1
117.5371, 102.758, -153.6754, -140.3707, 18.38085, 156.9234, 45 | -0.01573581, 0.8190232, 0.3613526 | 1
118.1103, 102.9358, -153.5828, -140.8068, 18.09048, 157.1418, 45 | -0.01639485, 0.8170738, 0.3608912 | 1
118.2537, 103.0094, -153.5451, -140.9548, 18.02429, 157.2215, 45 | -0.01649278, 0.8164496, 0.3607814 | 1
118.5032, 103.133, -153.4787, -141.1802, 17.91752, 157.2107, 45 | -0.01648617, 0.8147614, 0.3607194 | 1
118.7703, 103.1976, -153.4142, -141.3803, 17.73397, 157.3051, 45 | -0.01662192, 0.8136573, 0.3606791 | 1
118.8561, 103.286, -153.3607, -141.5228, 17.70974, 157.3997, 45 | -0.01669431, 0.813116, 0.360679 | 1
119.02, 103.4245, -153.2418, -141.7435, 17.60749, 157.4087, 45 | -0.01650658, 0.8113257, 0.360942 | 1
119.214, 103.5065, -153.1692, -141.9133, 17.35479, 157.3483, 45 | -0.01598838, 0.8095882, 0.3609149 | 1
119.8957, 103.5118, -153.0128, -142.2487, 16.7706, 157.329, 45 | -0.01592243, 0.8061703, 0.3613214 | 1
119.9187, 103.5592, -152.9814, -142.3324, 16.75556, 157.3808, 45 | -0.01574287, 0.8058212, 0.3613477 | 1
119.7814, 103.669, -152.9744, -142.4014, 16.97816, 157.3867, 45 | -0.01540697, 0.8056819, 0.3613102 | 1
119.9055, 103.7492, -152.9197, -142.5629, 16.89189, 157.4564, 45 | -0.01524749, 0.8048354, 0.3612893 | 1
120.0447, 103.8279, -152.8584, -142.7268, 16.80521, 157.5367, 45 | -0.01519874, 0.8039892, 0.3613101 | 1
120.5878, 103.9829, -152.6844, -143.1598, 16.41589, 157.6569, 45 | -0.0151993, 0.8010106, 0.3614799 | 1
120.7295, 104.041, -152.6523, -143.2771, 16.28255, 157.6069, 45 | -0.01490349, 0.7998821, 0.3613757 | 1
121.0011, 104.1134, -152.6134, -143.4715, 16.12485, 157.542, 45 | -0.01462692, 0.7981249, 0.3612609 | 1
120.9592, 104.1951, -152.6012, -143.5607, 16.17044, 157.6638, 45 | -0.01452279, 0.7983345, 0.3610615 | 1
121.2897, 104.3761, -152.5139, -143.9355, 16.06173, 157.885, 45 | -0.01465544, 0.7969123, 0.3608254 | 1
121.6326, 104.4244, -152.4614, -144.1234, 15.83917, 157.871, 45 | -0.01480794, 0.7953209, 0.3607738 | 1
121.9393, 104.4673, -152.4085, -144.2784, 15.66503, 157.8309, 45 | -0.01504967, 0.7938128, 0.3608063 | 1
121.9427, 104.6109, -152.3574, -144.4259, 15.72622, 157.9036, 45 | -0.01499015, 0.7933273, 0.3606883 | 1
122.1551, 104.6675, -152.3148, -144.5692, 15.61315, 157.9116, 45 | -0.01511124, 0.7922722, 0.3606527 | 1
122.3189, 104.779, -152.2629, -144.7521, 15.47331, 157.9434, 45 | -0.01493284, 0.7911787, 0.3604428 | 1
122.3724, 104.8358, -152.2453, -144.8243, 15.41969, 157.9069, 45 | -0.01470408, 0.790539, 0.3603206 | 1
122.7179, 104.9142, -152.1662, -145.0185, 15.11641, 157.7838, 45 | -0.01453519, 0.7882597, 0.3602832 | 1
122.8113, 104.9541, -152.1332, -145.112, 15.08894, 157.8453, 45 | -0.0146457, 0.7878654, 0.3603158 | 1
122.9013, 105.0442, -152.0942, -145.2536, 15.0667, 157.9076, 45 | -0.01459086, 0.7872571, 0.3602201 | 1
122.9111, 105.135, -152.0663, -145.3387, 15.05118, 157.8858, 45 | -0.01432368, 0.7866654, 0.360076 | 1
123.0636, 105.2974, -151.9787, -145.562, 14.93147, 157.8826, 45 | -0.01397917, 0.7850803, 0.3599536 | 1
123.2331, 105.3244, -151.9436, -145.6614, 14.80819, 157.8544, 45 | -0.01392317, 0.7840956, 0.3599733 | 1
123.3642, 105.3621, -151.9137, -145.7547, 14.71044, 157.8253, 45 | -0.01379451, 0.7832165, 0.359948 | 1
123.5166, 105.4712, -151.857, -145.9257, 14.57876, 157.7859, 45 | -0.01341391, 0.7818072, 0.359811 | 1
123.5533, 105.5314, -151.8439, -146.0142, 14.56843, 157.8143, 45 | -0.01321736, 0.7814442, 0.3596758 | 1
123.7765, 105.6838, -151.7909, -146.2922, 14.41193, 157.8921, 45 | -0.01278451, 0.7800491, 0.3593142 | 1
123.8554, 105.7663, -151.7596, -146.4127, 14.37588, 157.9076, 45 | -0.01260763, 0.7793617, 0.3591908 | 1
124.475, 105.8967, -151.6677, -146.8207, 13.95884, 157.8685, 45 | -0.01232588, 0.7760881, 0.3589415 | 1
124.5399, 105.9724, -151.6411, -146.95, 13.92931, 157.9553, 45 | -0.01217231, 0.7757237, 0.3588046 | 1
124.7244, 106.0903, -151.5804, -147.1499, 13.78341, 157.9565, 45 | -0.01185256, 0.7743388, 0.3586315 | 1
125.24, 106.2449, -151.4349, -147.4907, 13.33342, 157.775, 45 | -0.01133341, 0.7706088, 0.3585864 | 1
125.3929, 106.3167, -151.3839, -147.6362, 13.20809, 157.7686, 45 | -0.01107761, 0.7694829, 0.3585354 | 1
125.474, 106.5237, -151.2733, -147.9189, 13.23466, 158.0127, 45 | -0.01110166, 0.7688759, 0.3584718 | 1
125.5383, 106.6273, -151.2114, -148.0537, 13.22373, 158.0662, 45 | -0.01105443, 0.7682191, 0.3584654 | 1
125.8937, 106.7458, -151.1212, -148.2816, 12.87727, 157.8482, 45 | -0.01039985, 0.7653072, 0.3582917 | 1
126.0592, 106.7434, -151.1041, -148.3463, 12.74901, 157.7921, 45 | -0.01033762, 0.7644261, 0.3582988 | 1
126.1144, 106.7656, -151.0753, -148.3934, 12.79085, 157.829, 45 | -0.01061019, 0.7642142, 0.3584431 | 1
126.1484, 106.7861, -151.0551, -148.4336, 12.78274, 157.8576, 45 | -0.01066312, 0.7640426, 0.3584831 | 1
126.2412, 106.8058, -151.0249, -148.4939, 12.69322, 157.8374, 45 | -0.01056245, 0.7634032, 0.3585119 | 1
126.5328, 106.7779, -150.94, -148.5695, 12.27685, 157.5589, 45 | -0.009836107, 0.7608097, 0.3587302 | 1
126.6227, 106.7537, -150.9245, -148.5571, 12.23916, 157.4181, 45 | -0.009846151, 0.759981, 0.3588963 | 1
126.7054, 106.8039, -150.9006, -148.6689, 12.37077, 157.5855, 45 | -0.01041639, 0.7601159, 0.3590192 | 1
126.8177, 106.8579, -150.8524, -148.7592, 12.45028, 157.6211, 45 | -0.01090568, 0.7595941, 0.3592134 | 1
126.9166, 106.9542, -150.7641, -148.9063, 12.49442, 157.7354, 45 | -0.01127943, 0.7590294, 0.3594353 | 1
127.0169, 106.9802, -150.7194, -148.9656, 12.42062, 157.7034, 45 | -0.01129729, 0.7582875, 0.3595361 | 1
127.2877, 107.0707, -150.5629, -149.14, 12.21234, 157.6131, 45 | -0.01137033, 0.7560602, 0.3599169 | 1
127.3531, 107.1213, -150.5031, -149.1868, 12.18416, 157.5244, 45 | -0.01136622, 0.7551272, 0.360055 | 1
127.4001, 107.1651, -150.4636, -149.2095, 12.19028, 157.3934, 45 | -0.01132441, 0.7542218, 0.3601416 | 1
127.7199, 107.2165, -150.3943, -149.3347, 12.09207, 157.1786, 45 | -0.01154533, 0.7519826, 0.3602991 | 1
127.8201, 107.3018, -150.3362, -149.4416, 12.05778, 157.2125, 45 | -0.01175323, 0.7513998, 0.3602766 | 1
128.1907, 107.4861, -150.1957, -149.6784, 11.90411, 157.1064, 45 | -0.01234254, 0.7490649, 0.3602257 | 1
128.1364, 107.5648, -150.1955, -149.7003, 11.96307, 157.0162, 45 | -0.01202264, 0.7487073, 0.3600056 | 1
128.3117, 107.7702, -150.1098, -149.8869, 12.02961, 156.9102, 45 | -0.01232156, 0.7470948, 0.3598205 | 1
128.6454, 107.8763, -150.0141, -150.0542, 11.91924, 156.8504, 45 | -0.01307455, 0.7454643, 0.3598379 | 1
129.0862, 107.9948, -149.8985, -150.2959, 11.636, 156.8851, 45 | -0.01382703, 0.7437484, 0.3597124 | 1
129.3716, 108.0992, -149.8646, -150.3679, 11.39612, 156.5129, 45 | -0.01371837, 0.7414551, 0.3592036 | 1
129.6337, 108.1019, -149.8288, -150.4084, 11.28344, 156.3543, 45 | -0.01424918, 0.7401475, 0.3592461 | 1
129.6046, 108.2071, -149.8004, -150.4752, 11.39461, 156.4269, 45 | -0.01450849, 0.740296, 0.3591322 | 1
129.6454, 108.2838, -149.7836, -150.5426, 11.44192, 156.4329, 45 | -0.01464823, 0.7400335, 0.3589984 | 1
130.386, 108.3673, -149.6732, -150.7055, 11.13305, 156.0503, 45 | -0.01632422, 0.7365767, 0.3588553 | 1
130.9113, 108.3304, -149.631, -150.7246, 10.91982, 155.6994, 45 | -0.01763159, 0.7342236, 0.3588891 | 1
130.9772, 108.4236, -149.59, -150.866, 10.9168, 155.9101, 45 | -0.01792631, 0.7344651, 0.3587875 | 1
130.7327, 108.6241, -149.5502, -150.9744, 11.1198, 156.0846, 45 | -0.0174883, 0.7351594, 0.3585138 | 1
131.0518, 108.7061, -149.4619, -151.0347, 11.04841, 155.8186, 45 | -0.01841155, 0.7331873, 0.3585197 | 1
132.0095, 108.6743, -149.3067, -151.1542, 10.62654, 155.3622, 45 | -0.02086756, 0.7290398, 0.3587896 | 1
131.9104, 108.8104, -149.2614, -151.2738, 10.72181, 155.5815, 45 | -0.02081385, 0.7296315, 0.3586727 | 1
131.9393, 109.009, -149.1478, -151.4315, 10.72619, 155.666, 45 | -0.02097964, 0.7291536, 0.3585098 | 1
132.0146, 109.0754, -149.0979, -151.4594, 10.69512, 155.5375, 45 | -0.02109697, 0.7282878, 0.3584393 | 1
132.3533, 109.2008, -148.983, -151.554, 10.50347, 155.1979, 45 | -0.02152956, 0.7257476, 0.3582158 | 1
132.5188, 109.2847, -148.9111, -151.6613, 10.42233, 155.189, 45 | -0.02184835, 0.72491, 0.358152 | 1
132.6658, 109.46, -148.7978, -151.8342, 10.42908, 155.219, 45 | -0.02226177, 0.7239506, 0.3580713 | 1
132.8764, 109.5449, -148.7155, -151.9653, 10.28927, 155.2148, 45 | -0.02252907, 0.7229333, 0.3579831 | 1
132.8909, 109.6131, -148.6843, -152.0215, 10.29134, 155.2082, 45 | -0.02243522, 0.7226063, 0.3578907 | 1
132.8044, 109.8068, -148.5988, -152.1365, 10.40369, 155.2185, 45 | -0.0221543, 0.7221614, 0.3577427 | 1
132.8394, 109.8506, -148.5757, -152.1867, 10.39808, 155.2031, 45 | -0.02205971, 0.7217749, 0.3576976 | 1
133.2156, 109.9282, -148.4686, -152.3822, 10.17033, 155.1265, 45 | -0.02225655, 0.7197753, 0.3576649 | 1
133.272, 110.0058, -148.4156, -152.4844, 10.16341, 155.2075, 45 | -0.02233592, 0.7195177, 0.357655 | 1
133.2928, 110.1316, -148.3575, -152.6136, 10.21449, 155.2677, 45 | -0.02221286, 0.7191079, 0.3575749 | 1
133.3971, 110.1876, -148.3147, -152.7184, 10.17519, 155.3072, 45 | -0.0222148, 0.7185794, 0.3575596 | 1
133.5839, 110.2253, -148.2511, -152.8292, 10.0866, 155.3043, 45 | -0.02236402, 0.7176212, 0.3576419 | 1
133.8387, 110.3027, -148.1104, -153.0019, 9.960068, 155.295, 45 | -0.02255791, 0.7159915, 0.3579049 | 1
133.8311, 110.3605, -148.0659, -153.0573, 9.920045, 155.2759, 45 | -0.02216136, 0.7155202, 0.3578693 | 1
133.859, 110.4223, -148.0065, -153.1384, 9.968549, 155.2571, 45 | -0.0219664, 0.7147916, 0.358021 | 1
133.9984, 110.4641, -147.9142, -153.2293, 9.923978, 155.2137, 45 | -0.02204952, 0.7136511, 0.3582631 | 1
134.2805, 110.5712, -147.7182, -153.4618, 9.734748, 155.1677, 45 | -0.02177769, 0.7112818, 0.358611 | 1
134.326, 110.6612, -147.6399, -153.5735, 9.706546, 155.1885, 45 | -0.02152091, 0.7105891, 0.3586416 | 1
134.437, 110.7328, -147.5509, -153.6732, 9.642013, 155.1259, 45 | -0.02134669, 0.7094298, 0.358716 | 1
134.7593, 110.7988, -147.4007, -153.8346, 9.398297, 154.9599, 45 | -0.02119333, 0.7070174, 0.3588431 | 1
134.9011, 110.8478, -147.3381, -153.9203, 9.311458, 154.9015, 45 | -0.0211556, 0.7060193, 0.3588344 | 1
134.9565, 110.9522, -147.2818, -154.0264, 9.320185, 154.9198, 45 | -0.021099, 0.7055126, 0.3587319 | 1
135.0188, 111.0038, -147.243, -154.0686, 9.288907, 154.8431, 45 | -0.02102345, 0.7048458, 0.3586516 | 1
135.4096, 111.0774, -147.1718, -154.2351, 9.042762, 154.6803, 45 | -0.02110797, 0.7028069, 0.3583519 | 1
135.6136, 111.1394, -147.133, -154.3492, 8.942598, 154.6823, 45 | -0.02136362, 0.7020873, 0.3581725 | 1
135.7938, 111.3117, -147.0522, -154.5442, 8.962557, 154.7764, 45 | -0.02182543, 0.7015024, 0.3579513 | 1
135.7938, 111.372, -147.0509, -154.5923, 8.958773, 154.7784, 45 | -0.02160481, 0.701404, 0.3577379 | 1
135.896, 111.4368, -147.0418, -154.6494, 8.888118, 154.6669, 45 | -0.02140084, 0.7006423, 0.3574135 | 1
136.3569, 111.56, -146.9579, -154.8327, 8.638735, 154.4576, 45 | -0.02179617, 0.6984048, 0.3569208 | 1
136.6548, 111.6292, -146.9016, -154.9784, 8.547765, 154.4786, 45 | -0.02245712, 0.6975107, 0.3568017 | 1
137.0218, 111.767, -146.8342, -155.1794, 8.359189, 154.4431, 45 | -0.02287731, 0.6961845, 0.3563238 | 1
136.9967, 111.8621, -146.7968, -155.2305, 8.382524, 154.4373, 45 | -0.02271724, 0.6960145, 0.3561525 | 1
137.3203, 111.9919, -146.7097, -155.3541, 8.208662, 154.2273, 45 | -0.02303341, 0.6942306, 0.355701 | 1
137.4559, 112.0784, -146.6695, -155.4497, 8.219288, 154.2437, 45 | -0.02343544, 0.6938033, 0.3555646 | 1
137.4723, 112.2236, -146.6199, -155.5387, 8.294166, 154.2376, 45 | -0.02349091, 0.6934985, 0.3553189 | 1
137.6952, 112.349, -146.5398, -155.6396, 8.229459, 154.0745, 45 | -0.02378172, 0.6921151, 0.3550141 | 1
138.0152, 112.4193, -146.4702, -155.76, 8.043355, 153.969, 45 | -0.02415693, 0.6907438, 0.3547447 | 1
138.5251, 112.5431, -146.3735, -155.9843, 7.738487, 153.9118, 45 | -0.02482963, 0.6890218, 0.3542475 | 1
138.5277, 112.6352, -146.3319, -156.06, 7.801124, 153.9776, 45 | -0.02492324, 0.6890094, 0.3541925 | 1
138.5513, 112.8224, -146.2533, -156.1785, 7.858614, 153.9581, 45 | -0.02484006, 0.688495, 0.3538791 | 1
138.7483, 112.8864, -146.211, -156.249, 7.737695, 153.8246, 45 | -0.02490827, 0.6874218, 0.3535873 | 1
139.1883, 113.042, -146.0432, -156.4519, 7.513412, 153.67, 45 | -0.02541766, 0.6851914, 0.3533049 | 1
139.2534, 113.1297, -145.9709, -156.5311, 7.511147, 153.6938, 45 | -0.02558425, 0.6848211, 0.3532702 | 1
139.2101, 113.2341, -145.9403, -156.6059, 7.577508, 153.7669, 45 | -0.02545694, 0.6849546, 0.3531405 | 1
139.2912, 113.3636, -145.8575, -156.6787, 7.492139, 153.5853, 45 | -0.02500963, 0.6837348, 0.3527881 | 1
139.5654, 113.3837, -145.7565, -156.7093, 7.315241, 153.2887, 45 | -0.02513024, 0.6817181, 0.3527082 | 1
139.8513, 113.4774, -145.65, -156.8685, 7.273055, 153.3582, 45 | -0.02599725, 0.6809083, 0.3527492 | 1
139.88, 113.5984, -145.5784, -156.9648, 7.328551, 153.4308, 45 | -0.02619869, 0.6808004, 0.3526846 | 1
139.9958, 113.6984, -145.489, -157.0354, 7.314888, 153.3164, 45 | -0.02627963, 0.6797749, 0.3525747 | 1
140.1977, 113.7426, -145.4206, -157.0805, 7.245337, 153.1064, 45 | -0.02640226, 0.6783016, 0.3524661 | 1
140.4901, 113.8321, -145.3413, -157.2298, 7.134251, 153.0377, 45 | -0.02664959, 0.6769755, 0.3522733 | 1
140.7145, 113.9113, -145.2516, -157.3492, 7.092845, 153.0054, 45 | -0.02705789, 0.6759458, 0.3522545 | 1
140.9056, 114.0338, -145.1307, -157.4943, 7.051602, 153.0194, 45 | -0.02738827, 0.675042, 0.3522127 | 1
141.0196, 114.2551, -144.9712, -157.6677, 7.010229, 152.9737, 45 | -0.02716005, 0.673916, 0.3519191 | 1
141.052, 114.3593, -144.9039, -157.7274, 7.020513, 152.893, 45 | -0.02697235, 0.6732576, 0.3517564 | 1
141.4411, 114.564, -144.6555, -157.9487, 6.923181, 152.6901, 45 | -0.02727872, 0.6705897, 0.3516777 | 1
141.7536, 114.673, -144.5041, -158.0993, 6.789732, 152.5578, 45 | -0.02749339, 0.6687831, 0.3515724 | 1
142.3777, 114.8293, -144.2352, -158.3068, 6.43277, 152.0881, 45 | -0.02756628, 0.6647152, 0.3511654 | 1
142.5741, 114.9171, -144.1201, -158.3811, 6.289259, 151.8727, 45 | -0.02734002, 0.6631091, 0.3508997 | 1
142.8422, 115.0852, -144.0061, -158.5331, 6.205105, 151.6772, 45 | -0.02725402, 0.6613781, 0.3504395 | 1
143.0192, 115.1515, -143.9675, -158.6436, 6.163752, 151.7247, 45 | -0.02758789, 0.6610005, 0.3503125 | 1
143.2798, 115.2597, -143.8821, -158.7933, 6.111293, 151.7408, 45 | -0.02810159, 0.6602006, 0.3501455 | 1
143.7371, 115.4433, -143.7058, -158.9742, 6.114471, 151.5058, 45 | -0.02905974, 0.6578596, 0.3498795 | 1
143.9169, 115.5191, -143.6426, -159.0297, 6.115457, 151.3463, 45 | -0.0293344, 0.6567475, 0.349687 | 1
144.2931, 115.6776, -143.4476, -159.2257, 6.011664, 151.2505, 45 | -0.02983892, 0.6549165, 0.3495367 | 1
144.3246, 115.813, -143.3132, -159.3058, 6.026032, 151.1931, 45 | -0.02967364, 0.6541725, 0.3494658 | 1
144.7148, 115.9936, -143.001, -159.4017, 5.938592, 150.6311, 45 | -0.02973378, 0.6503622, 0.3492376 | 1
144.9717, 116.0241, -142.8839, -159.4536, 5.882732, 150.4162, 45 | -0.03007045, 0.6486437, 0.3492405 | 1
145.1415, 116.0857, -142.7646, -159.5251, 5.853914, 150.3062, 45 | -0.03024572, 0.6474456, 0.3492666 | 1
145.6478, 116.2031, -142.495, -159.7178, 5.686135, 150.0797, 45 | -0.03082097, 0.6446127, 0.3492469 | 1
145.6602, 116.2699, -142.4498, -159.7655, 5.697379, 150.0794, 45 | -0.03070584, 0.6444139, 0.3491724 | 1
145.896, 116.3629, -142.2809, -159.8772, 5.636897, 149.9271, 45 | -0.03077978, 0.6427214, 0.3491528 | 1
146.1048, 116.4379, -142.1277, -159.9858, 5.546808, 149.8555, 45 | -0.03087512, 0.6414655, 0.3491626 | 1
146.6293, 116.4306, -141.8823, -160.0481, 5.340782, 149.3931, 45 | -0.03142408, 0.6379323, 0.3491728 | 1
146.5866, 116.5094, -141.8457, -160.0867, 5.469775, 149.4472, 45 | -0.03158891, 0.6380745, 0.3492439 | 1
146.5777, 116.6744, -141.7302, -160.2205, 5.600126, 149.5945, 45 | -0.03171098, 0.6381513, 0.349345 | 1
146.7753, 116.6991, -141.6489, -160.3283, 5.581521, 149.6019, 45 | -0.03197855, 0.6372695, 0.3495111 | 1
147.0607, 116.6883, -141.4462, -160.3105, 5.35938, 149.0134, 45 | -0.03126657, 0.6338308, 0.3492866 | 1
147.172, 116.6767, -141.3862, -160.3421, 5.328867, 148.9659, 45 | -0.03140253, 0.6331282, 0.3494212 | 1
147.2219, 116.7109, -141.3411, -160.3925, 5.36015, 149.0083, 45 | -0.03159261, 0.6329676, 0.349524 | 1
147.3827, 116.8036, -141.1972, -160.4931, 5.386955, 148.963, 45 | -0.03188294, 0.6319528, 0.3496069 | 1
147.5007, 116.8315, -141.1101, -160.5401, 5.373626, 148.9181, 45 | -0.03209877, 0.63124, 0.3496885 | 1
147.7002, 116.8755, -140.9255, -160.6131, 5.383122, 148.8107, 45 | -0.03252184, 0.6297544, 0.3499597 | 1
147.7518, 116.8855, -140.858, -160.6299, 5.397435, 148.747, 45 | -0.03256097, 0.629118, 0.3500831 | 1
147.8195, 116.9598, -140.691, -160.678, 5.463645, 148.6045, 45 | -0.03249887, 0.6277897, 0.3502698 | 1
147.8839, 117.0166, -140.5796, -160.7273, 5.47204, 148.5556, 45 | -0.03250274, 0.6270859, 0.3503486 | 1
148.0094, 117.0492, -140.4603, -160.7818, 5.427491, 148.4787, 45 | -0.03252161, 0.6261094, 0.3504238 | 1
148.1792, 117.0911, -140.309, -160.8148, 5.390758, 148.229, 45 | -0.03243327, 0.6243385, 0.3503836 | 1
148.3131, 117.101, -140.2313, -160.8356, 5.366931, 148.1115, 45 | -0.03263113, 0.6234072, 0.3503876 | 1
148.4906, 117.1974, -140.0808, -160.9471, 5.367109, 148.0965, 45 | -0.03294179, 0.6225158, 0.3504304 | 1
148.6261, 117.249, -139.9812, -161.0166, 5.316922, 148.0452, 45 | -0.0329721, 0.6217377, 0.3503844 | 1
148.8458, 117.3005, -139.8562, -161.052, 5.20902, 147.7561, 45 | -0.03280619, 0.6199702, 0.3500456 | 1
148.8947, 117.3393, -139.8224, -161.0757, 5.22144, 147.7036, 45 | -0.03282708, 0.6196036, 0.3499591 | 1
149.0918, 117.3468, -139.7697, -161.1186, 5.124045, 147.5817, 45 | -0.03293514, 0.6186458, 0.3497728 | 1
149.5845, 117.3245, -139.6626, -161.213, 4.819865, 147.3394, 45 | -0.03328136, 0.6166061, 0.3493361 | 1
149.5132, 117.4286, -139.6218, -161.2722, 4.910129, 147.4558, 45 | -0.03324598, 0.6170686, 0.3493596 | 1
149.5114, 117.5455, -139.5584, -161.324, 4.997705, 147.4272, 45 | -0.03318807, 0.6168426, 0.349224 | 1
149.6885, 117.6024, -139.4752, -161.3811, 4.932154, 147.3017, 45 | -0.0332453, 0.6158878, 0.3489806 | 1
150.2374, 117.5453, -139.3521, -161.4255, 4.638665, 146.9174, 45 | -0.03382441, 0.6132689, 0.3485127 | 1
150.3105, 117.5976, -139.3029, -161.4837, 4.651222, 146.9601, 45 | -0.03405672, 0.6131655, 0.348514 | 1
150.233, 117.7248, -139.2491, -161.5392, 4.773761, 147.0132, 45 | -0.0339213, 0.6133736, 0.3484797 | 1
150.2645, 117.7912, -139.195, -161.5695, 4.800912, 146.9577, 45 | -0.03387326, 0.6130111, 0.3483627 | 1
150.9542, 117.6956, -139.0408, -161.59, 4.452209, 146.3364, 45 | -0.03439155, 0.6091547, 0.3477092 | 1
151.2956, 117.6316, -138.9987, -161.6409, 4.29662, 146.23, 45 | -0.03499839, 0.6079835, 0.3476139 | 1
151.3438, 117.7106, -138.9425, -161.7285, 4.335197, 146.3495, 45 | -0.03521919, 0.6081479, 0.3476865 | 1
151.1288, 117.9334, -138.84, -161.8108, 4.525981, 146.4888, 45 | -0.03476068, 0.6088576, 0.3476764 | 1
151.1294, 118.0091, -138.7737, -161.8379, 4.561551, 146.419, 45 | -0.03454694, 0.6084504, 0.3475612 | 1
151.5667, 117.9777, -138.6336, -161.8929, 4.365148, 146.0762, 45 | -0.03480971, 0.6059768, 0.3472463 | 1
151.7684, 117.9504, -138.5869, -161.9091, 4.305548, 145.9452, 45 | -0.03516817, 0.6049931, 0.3471658 | 1
151.7397, 118.0805, -138.5104, -161.9915, 4.401401, 146.0324, 45 | -0.03512928, 0.6051652, 0.3471798 | 1
151.769, 118.2096, -138.3903, -162.0744, 4.431901, 146.0254, 45 | -0.03491688, 0.6048025, 0.3470765 | 1
151.8184, 118.2636, -138.3188, -162.1182, 4.420892, 145.9909, 45 | -0.03478682, 0.6043921, 0.3470086 | 1
152.3085, 118.0826, -138.2165, -162.085, 4.122954, 145.4463, 45 | -0.03480464, 0.6010246, 0.3466837 | 1
152.3798, 118.1214, -138.1707, -162.1502, 4.106672, 145.4811, 45 | -0.03479418, 0.6008233, 0.3466908 | 1
152.4312, 118.3039, -138.0381, -162.3166, 4.161969, 145.6277, 45 | -0.03466335, 0.6008605, 0.3466868 | 1
152.4744, 118.418, -137.9371, -162.4079, 4.20126, 145.6698, 45 | -0.03460395, 0.6006675, 0.3466606 | 1
152.5422, 118.4341, -137.8823, -162.4586, 4.198532, 145.6482, 45 | -0.03448629, 0.600129, 0.3467335 | 1
152.6321, 118.3983, -137.8327, -162.4634, 4.139006, 145.5097, 45 | -0.03422984, 0.599147, 0.3467244 | 1
152.7354, 118.3177, -137.7928, -162.4288, 4.031289, 145.3003, 45 | -0.03393582, 0.5979464, 0.34666 | 1
152.7823, 118.3645, -137.729, -162.5, 4.024477, 145.3602, 45 | -0.03386757, 0.5978112, 0.3467337 | 1
152.7919, 118.3983, -137.701, -162.5477, 4.03381, 145.422, 45 | -0.03380787, 0.5978666, 0.3467969 | 1
152.8282, 118.4372, -137.6521, -162.6122, 4.041542, 145.4876, 45 | -0.03377646, 0.5977921, 0.3468953 | 1
152.9783, 118.4011, -137.5502, -162.6448, 3.934359, 145.3441, 45 | -0.03348997, 0.5965025, 0.3469168 | 1
153.3058, 118.1367, -137.5505, -162.5555, 3.390269, 144.8609, 45 | -0.03239238, 0.5940658, 0.3462915 | 1
153.3098, 118.2181, -137.5359, -162.6231, 3.422976, 144.9783, 45 | -0.03247371, 0.5945107, 0.346265 | 1
153.387, 118.2555, -137.5208, -162.6396, 3.448458, 144.9202, 45 | -0.03270146, 0.5942197, 0.3461146 | 1
153.513, 118.2327, -137.5419, -162.6518, 3.349462, 144.8455, 45 | -0.03270534, 0.5938348, 0.3458724 | 1
153.6578, 118.2005, -137.577, -162.6604, 3.238847, 144.7587, 45 | -0.0327487, 0.5934217, 0.3455918 | 1
153.9165, 118.2353, -137.5541, -162.7532, 3.123983, 144.7482, 45 | -0.03310397, 0.5929834, 0.345297 | 1
154.0603, 118.3016, -137.5063, -162.8449, 3.103678, 144.7871, 45 | -0.03331897, 0.5927658, 0.3451973 | 1
154.247, 118.3197, -137.4908, -162.9126, 2.929248, 144.6763, 45 | -0.03288424, 0.5920215, 0.3447602 | 1
154.3997, 118.3123, -137.4484, -162.946, 2.807634, 144.5558, 45 | -0.03266466, 0.5911974, 0.344521 | 1
154.6371, 118.2905, -137.3791, -162.9951, 2.707805, 144.3957, 45 | -0.03269103, 0.5898887, 0.344367 | 1
154.7775, 118.2674, -137.3331, -163.0302, 2.645408, 144.3431, 45 | -0.03278872, 0.5892203, 0.3443722 | 1
154.9449, 118.2623, -137.2271, -163.0995, 2.561373, 144.3035, 45 | -0.03277573, 0.5883369, 0.3444387 | 1
155.0482, 118.2241, -137.1713, -163.1089, 2.460282, 144.206, 45 | -0.03259575, 0.5875796, 0.3443869 | 1
155.1708, 118.1307, -137.1341, -163.0791, 2.313341, 144.0222, 45 | -0.03232938, 0.5865027, 0.3442741 | 1
155.2442, 118.1062, -137.1169, -163.0826, 2.343744, 143.9699, 45 | -0.03257912, 0.5860014, 0.3443665 | 1
155.241, 118.1406, -137.1001, -163.1037, 2.408183, 143.9986, 45 | -0.03272414, 0.5860368, 0.3444375 | 1
155.3124, 118.0457, -137.3712, -163.1364, 2.075891, 144.1017, 45 | -0.03192824, 0.5870169, 0.3438643 | 1
155.4492, 117.8256, -137.7838, -163.1175, 1.4559, 144.1028, 45 | -0.03046128, 0.5879847, 0.3428175 | 1
155.9149, 117.4772, -138.1191, -163.0396, 0.6698321, 143.7396, 45 | -0.02940688, 0.5869455, 0.3414963 | 1
156.0724, 117.4835, -138.1044, -163.0743, 0.6455006, 143.717, 45 | -0.02987096, 0.5866113, 0.3414139 | 1
156.1899, 117.4987, -138.0826, -163.0956, 0.6527538, 143.6726, 45 | -0.03025332, 0.5862503, 0.3413334 | 1
156.2923, 117.56, -138.0083, -163.136, 0.6357607, 143.6188, 45 | -0.03037667, 0.5858456, 0.3411545 | 1
156.3315, 117.593, -137.9856, -163.1608, 0.626755, 143.6142, 45 | -0.03040206, 0.5857706, 0.3410675 | 1
156.6744, 117.5696, -137.9915, -163.2105, 0.4330965, 143.4917, 45 | -0.03086576, 0.5849843, 0.3406001 | 1
156.7747, 117.5706, -138.0139, -163.2349, 0.3750119, 143.4918, 45 | -0.03104225, 0.5849556, 0.3404503 | 1
156.8786, 117.582, -138.0007, -163.2517, 0.3156715, 143.4451, 45 | -0.03116828, 0.5847183, 0.3402526 | 1
156.9532, 117.5572, -138.027, -163.2368, 0.2194604, 143.3671, 45 | -0.03110003, 0.5845243, 0.3399895 | 1
157.1084, 117.399, -138.2683, -163.1685, -0.1635192, 143.2386, 45 | -0.0305827, 0.5847468, 0.3391989 | 1
157.185, 117.3604, -138.3236, -163.1616, -0.2399917, 143.2116, 45 | -0.03065896, 0.5847162, 0.3390443 | 1
157.4316, 117.2869, -138.4343, -163.1506, -0.44439, 143.096, 45 | -0.0309439, 0.5844295, 0.3385209 | 1
157.7015, 117.18, -138.6066, -163.1702, -0.7241889, 143.0976, 45 | -0.03120965, 0.5845827, 0.3380815 | 1
157.8432, 117.1177, -138.7374, -163.1718, -0.9237955, 143.1001, 45 | -0.03123522, 0.5848814, 0.3377049 | 1
157.9207, 117.2071, -138.7048, -163.2326, -0.8343201, 143.1429, 45 | -0.03172258, 0.5848907, 0.3376771 | 1
157.9471, 117.2311, -138.6941, -163.2185, -0.7809123, 143.0709, 45 | -0.03192776, 0.5846603, 0.3375638 | 1
158.381, 116.8759, -138.9051, -162.8907, -0.8349131, 142.2676, 45 | -0.03344131, 0.5818825, 0.3367234 | 1
158.8202, 116.6072, -139.11, -162.8265, -0.9469295, 142.0969, 45 | -0.03499219, 0.5807815, 0.3366854 | 1
158.7244, 117.0772, -138.9445, -163.1163, -0.8557379, 142.5254, 45 | -0.03457791, 0.582647, 0.3363768 | 1
RU
-106.4832, 46.86787, 160.06, -67.61972, -55.42815, 154.3737, 45 | 0.02028501, 1.219608, 0.3443801 | 1
-106.5193, 46.92872, 160.0789, -67.71786, -55.36942, 154.3132, 45 | 0.02010229, 1.218961, 0.3445381 | 1
-106.6231, 46.99529, 160.0895, -67.85001, -55.19942, 154.2379, 45 | 0.01986423, 1.218037, 0.3448026 | 1
-106.5588, 47.1721, 160.1079, -68.09734, -55.33905, 154.248, 45 | 0.01966789, 1.217043, 0.3451246 | 1
-106.2261, 47.44791, 160.1971, -68.37615, -55.90196, 154.1839, 45 | 0.01942566, 1.215949, 0.3454078 | 1
-106.3364, 47.56624, 160.2099, -68.59848, -55.7741, 154.0535, 45 | 0.01911885, 1.214346, 0.3461192 | 1
-106.5643, 47.58314, 160.1749, -68.7238, -55.50422, 154.0428, 45 | 0.0190663, 1.213491, 0.3465754 | 1
-106.802, 47.69187, 160.1384, -69.0275, -55.43429, 154.1474, 45 | 0.0190115, 1.212295, 0.3472083 | 1
-107.3359, 47.67939, 160.0059, -69.30447, -55.07164, 154.5117, 45 | 0.01929194, 1.211877, 0.3476349 | 1
-107.0589, 47.76414, 160.0736, -69.29308, -55.30182, 154.3712, 45 | 0.01899907, 1.21169, 0.3475128 | 1
-105.4538, 48.38443, 160.6826, -69.28237, -56.65636, 152.9134, 45 | 0.01735571, 1.208399, 0.347141 | 1
-105.6261, 48.37084, 160.6609, -69.32441, -56.50823, 152.9662, 45 | 0.01755017, 1.208305, 0.34711 | 1
-107.1476, 48.08552, 160.2092, -69.68944, -55.14156, 154.0787, 45 | 0.01874974, 1.209171, 0.3474618 | 1
-107.5987, 48.06334, 160.1082, -69.87348, -54.7592, 154.3346, 45 | 0.01910314, 1.208885, 0.3476639 | 1
-107.4587, 48.30734, 160.2653, -70.06395, -54.88652, 153.9325, 45 | 0.01897106, 1.206963, 0.3477355 | 1
-107.1658, 48.59142, 160.4999, -70.21578, -55.14193, 153.2943, 45 | 0.0186455, 1.204529, 0.3478763 | 1
-107.6316, 48.6382, 160.3103, -70.59692, -54.93719, 153.9251, 45 | 0.01904717, 1.204601, 0.3481903 | 1
-108.2128, 48.75367, 160.1731, -71.07464, -54.60673, 154.3846, 45 | 0.0195137, 1.203632, 0.3486179 | 1
-108.3629, 48.81536, 160.1553, -71.22906, -54.4745, 154.4383, 45 | 0.019548, 1.203025, 0.3487557 | 1
-107.9109, 49.4058, 160.4052, -71.77052, -55.07122, 153.8803, 45 | 0.01921433, 1.199266, 0.3491842 | 1
-107.8433, 49.60195, 160.4654, -71.99174, -55.1721, 153.7611, 45 | 0.01911861, 1.197994, 0.3492973 | 1
-108.342, 49.79226, 160.4332, -72.44904, -54.88923, 153.7767, 45 | 0.0197295, 1.195587, 0.3501601 | 1
-109.0415, 49.77263, 160.234, -72.80355, -54.40986, 154.3388, 45 | 0.02040061, 1.195292, 0.3506469 | 1
-108.8529, 49.90858, 160.2826, -72.90051, -54.61633, 154.2281, 45 | 0.0202941, 1.194626, 0.3507398 | 1
-108.238, 50.47491, 160.5681, -73.30713, -55.21, 153.446, 45 | 0.01971549, 1.190684, 0.3512185 | 1
-107.7382, 50.79227, 160.7384, -73.4791, -55.6984, 153.0173, 45 | 0.01933378, 1.188887, 0.3513613 | 1
-107.9981, 50.8854, 160.6734, -73.74078, -55.56712, 153.1321, 45 | 0.01968279, 1.18776, 0.3519942 | 1
-108.4551, 50.84444, 160.5297, -73.93684, -55.23435, 153.5227, 45 | 0.02010047, 1.18777, 0.352286 | 1
-108.7091, 51.06772, 160.4839, -74.37505, -55.14132, 153.6517, 45 | 0.02039254, 1.185955, 0.3528703 | 1
-108.4006, 51.43544, 160.6274, -74.67663, -55.348, 153.2222, 45 | 0.02004376, 1.183351, 0.3531312 | 1
-108.5904, 51.64164, 160.6009, -75.047, -55.30935, 153.2146, 45 | 0.0203948, 1.181326, 0.3539551 | 1
-108.9373, 51.68575, 160.4909, -75.31837, -55.14651, 153.5144, 45 | 0.02074397, 1.180722, 0.3544816 | 1
-108.7379, 52.16286, 160.569, -75.91682, -55.58722, 153.2642, 45 | 0.02050948, 1.177066, 0.355698 | 1
-108.3194, 52.50786, 160.769, -76.13915, -55.88797, 152.6015, 45 | 0.01980966, 1.174013, 0.3562237 | 1
-108.2735, 52.87693, 160.8738, -76.60219, -55.97734, 152.2041, 45 | 0.0194129, 1.170385, 0.3571059 | 1
-108.5684, 53.02025, 160.7966, -76.98251, -55.86344, 152.4218, 45 | 0.01955402, 1.169023, 0.3576787 | 1
-109.1571, 53.03416, 160.5899, -77.37814, -55.59279, 153.1159, 45 | 0.0200651, 1.169055, 0.3580234 | 1
-109.051, 53.61173, 160.6907, -78.14816, -55.99118, 152.9448, 45 | 0.01967916, 1.164977, 0.3587134 | 1
-108.6051, 53.96024, 160.9131, -78.33701, -56.22957, 152.3002, 45 | 0.01884392, 1.162322, 0.3586003 | 1
-108.2984, 54.4257, 161.0913, -78.78502, -56.39053, 151.7959, 45 | 0.01792133, 1.158739, 0.3587188 | 1
-108.637, 54.53323, 161.0474, -79.10843, -56.18628, 151.8616, 45 | 0.01797822, 1.157036, 0.3593102 | 1
-109.6214, 54.74087, 160.7879, -80.00301, -55.87461, 152.6735, 45 | 0.01872537, 1.154587, 0.3606678 | 1
-109.3098, 55.08175, 160.9225, -80.32281, -56.27114, 152.3253, 45 | 0.01817888, 1.15214, 0.360961 | 1
-108.5036, 55.46862, 161.2295, -80.41054, -56.93467, 151.4687, 45 | 0.01712561, 1.149562, 0.3608534 | 1
-107.8662, 56.05528, 161.4978, -80.93164, -57.70563, 150.9135, 45 | 0.01591536, 1.145958, 0.3608147 | 1
-108.573, 56.11943, 161.2612, -81.46248, -57.37028, 151.7216, 45 | 0.01629144, 1.145577, 0.3611462 | 1
-109.2007, 56.11401, 161.0964, -81.78759, -56.95014, 152.157, 45 | 0.016826, 1.144834, 0.3616656 | 1
-109.4297, 56.21398, 161.1363, -81.99079, -56.72364, 151.9248, 45 | 0.01677632, 1.142751, 0.3620993 | 1
-108.8328, 56.68822, 161.3718, -82.31074, -57.29969, 151.3011, 45 | 0.01604566, 1.139685, 0.3620631 | 1
-108.6118, 56.86737, 161.4369, -82.4455, -57.5286, 151.1729, 45 | 0.01582411, 1.13886, 0.3619497 | 1
-108.994, 57.01162, 161.386, -82.814, -57.36232, 151.2697, 45 | 0.01629031, 1.136993, 0.3624845 | 1
-109.2723, 57.11501, 161.3772, -83.0574, -57.11845, 151.2388, 45 | 0.01639619, 1.135405, 0.3627045 | 1
-109.4039, 57.23929, 161.4029, -83.25933, -57.02761, 151.1299, 45 | 0.01644585, 1.133912, 0.3628702 | 1
-109.4056, 57.59479, 161.5007, -83.70021, -57.1002, 150.8973, 45 | 0.01623356, 1.131069, 0.3628256 | 1
-109.1529, 57.86676, 161.6051, -83.94149, -57.4995, 150.6962, 45 | 0.01612347, 1.129581, 0.3627747 | 1
-109.0254, 58.28591, 161.7056, -84.43309, -57.66556, 150.5165, 45 | 0.01560506, 1.126816, 0.3625376 | 1
-109.18, 58.42693, 161.7365, -84.68029, -57.58289, 150.3773, 45 | 0.01554495, 1.124923, 0.3628311 | 1
-110.0174, 58.46365, 161.4801, -85.22573, -57.27768, 151.1823, 45 | 0.01645637, 1.124191, 0.3636093 | 1
-110.4663, 58.43791, 161.4095, -85.38166, -56.85941, 151.2913, 45 | 0.01679567, 1.123265, 0.3639226 | 1
-110.6964, 58.58752, 161.4943, -85.57709, -56.42439, 150.842, 45 | 0.01671016, 1.12037, 0.3640743 | 1
-109.6341, 59.20135, 161.8832, -85.78175, -57.19939, 149.7953, 45 | 0.01553711, 1.11695, 0.3631916 | 1
-109.214, 59.51292, 162.0145, -86.00909, -57.71573, 149.5597, 45 | 0.01516265, 1.115607, 0.3629385 | 1
-109.8946, 59.50908, 161.7945, -86.4029, -57.43066, 150.249, 45 | 0.01589233, 1.115379, 0.3634766 | 1
-110.4166, 59.55581, 161.7095, -86.69794, -56.98701, 150.4, 45 | 0.01620272, 1.113798, 0.3638614 | 1
-109.8162, 60.21136, 161.9862, -87.21558, -57.5167, 149.5989, 45 | 0.01539934, 1.109052, 0.3636619 | 1
-109.1502, 60.64175, 162.2048, -87.4575, -58.20906, 149.075, 45 | 0.01485124, 1.106848, 0.3633822 | 1
-109.2781, 60.96369, 162.1726, -87.98475, -58.46088, 149.2098, 45 | 0.01526555, 1.10457, 0.3639066 | 1
-109.6135, 61.01363, 162.0984, -88.22044, -58.29949, 149.3763, 45 | 0.01563174, 1.103547, 0.3643193 | 1
-109.742, 61.15659, 162.0936, -88.46447, -58.2071, 149.3484, 45 | 0.0156, 1.10202, 0.3644823 | 1
-109.397, 61.65316, 162.3253, -88.8482, -58.26347, 148.5204, 45 | 0.01485282, 1.097368, 0.3643067 | 1
-109.501, 61.79987, 162.3044, -89.08443, -58.30569, 148.5201, 45 | 0.01524433, 1.095979, 0.3646966 | 1
-109.88, 61.90536, 162.1465, -89.44357, -58.19764, 148.9673, 45 | 0.01589432, 1.095257, 0.3651873 | 1
-110.0293, 62.11702, 162.1564, -89.75347, -58.08605, 148.7793, 45 | 0.0161255, 1.092648, 0.3656418 | 1
-109.6754, 62.51025, 162.3979, -89.94704, -57.99046, 147.768, 45 | 0.01551244, 1.088082, 0.3655734 | 1
-109.4806, 62.68759, 162.5253, -90.01131, -58.04027, 147.2695, 45 | 0.01540396, 1.086059, 0.3655629 | 1
-109.512, 63.02808, 162.4739, -90.52968, -58.49277, 147.448, 45 | 0.01617569, 1.084032, 0.3663272 | 1
-109.6457, 63.1201, 162.3805, -90.77165, -58.62756, 147.7987, 45 | 0.01653695, 1.083968, 0.3665932 | 1
-109.5501, 63.26581, 162.3931, -90.91337, -58.70576, 147.7464, 45 | 0.01647684, 1.08311, 0.3666044 | 1
-108.7467, 63.73252, 162.8437, -90.87119, -58.66611, 145.8995, 45 | 0.01559091, 1.076912, 0.3664078 | 1
-108.6249, 63.85696, 162.943, -90.91832, -58.70148, 145.4813, 45 | 0.01559302, 1.075145, 0.3665239 | 1
-108.9618, 64.02447, 162.7165, -91.44185, -59.0639, 146.4036, 45 | 0.01653787, 1.075769, 0.3670514 | 1
-109.0771, 64.20384, 162.6559, -91.74961, -59.22449, 146.5973, 45 | 0.01713753, 1.074794, 0.3673995 | 1
-108.9794, 64.44363, 162.7687, -91.89606, -59.17912, 146.0838, 45 | 0.0174599, 1.072134, 0.3673916 | 1
-108.9376, 64.6251, 162.8315, -92.03059, -59.05705, 145.8154, 45 | 0.01746896, 1.070444, 0.3671094 | 1
-108.9158, 64.92806, 162.9079, -92.33188, -59.14993, 145.5381, 45 | 0.0179829, 1.067958, 0.3670311 | 1
-109.0861, 65.02467, 162.9004, -92.49347, -59.05501, 145.4881, 45 | 0.0184316, 1.066715, 0.3671429 | 1
-109.0561, 65.20206, 162.9415, -92.66718, -59.20237, 145.3409, 45 | 0.01894155, 1.065367, 0.367229 | 1
-109.0277, 65.44829, 162.9658, -92.93728, -59.32826, 145.344, 45 | 0.01926982, 1.064206, 0.3669236 | 1
-108.8241, 65.75827, 163.0841, -93.14947, -59.36986, 145.0311, 45 | 0.01918393, 1.062341, 0.3661951 | 1
-107.7485, 66.48622, 163.6302, -93.34631, -60.01717, 143.467, 45 | 0.0188584, 1.057156, 0.3647738 | 1
-107.7972, 66.6238, 163.6188, -93.55598, -60.16519, 143.5729, 45 | 0.01919898, 1.056579, 0.3647918 | 1
-108.2132, 66.77641, 163.4948, -93.96391, -60.15107, 144.022, 45 | 0.01999918, 1.055874, 0.3649039 | 1
-108.2901, 66.96525, 163.55, -94.16589, -60.03443, 143.8344, 45 | 0.02016884, 1.054112, 0.3645169 | 1
-108.3313, 67.22417, 163.6556, -94.41091, -59.93916, 143.5101, 45 | 0.0203754, 1.051732, 0.3639326 | 1
-107.2894, 68.04765, 164.1285, -94.83308, -60.6984, 142.5008, 45 | 0.01976237, 1.047833, 0.361853 | 1
-107.2088, 68.26886, 164.1871, -95.05943, -60.86295, 142.4594, 45 | 0.01986051, 1.04689, 0.3614082 | 1
-107.3884, 68.65477, 164.2563, -95.5433, -60.74119, 142.3227, 45 | 0.02006185, 1.043933, 0.3605832 | 1
-107.3747, 68.93919, 164.3857, -95.81329, -60.72223, 141.9572, 45 | 0.02012646, 1.041351, 0.3599801 | 1
-106.9959, 69.51585, 164.6607, -96.32177, -61.23516, 141.3664, 45 | 0.02010274, 1.037529, 0.3591335 | 1
-107.0998, 69.65584, 164.5985, -96.57281, -61.13626, 141.6656, 45 | 0.01969326, 1.037334, 0.3586637 | 1
-107.1375, 69.87123, 164.6389, -96.83572, -61.08931, 141.6075, 45 | 0.01951239, 1.035839, 0.3581495 | 1
-106.6413, 70.3993, 165.0336, -97.12555, -61.32334, 140.4532, 45 | 0.01924676, 1.030812, 0.3570875 | 1
-106.7075, 70.57172, 165.0639, -97.35338, -61.33727, 140.3834, 45 | 0.01935753, 1.029387, 0.3568916 | 1
-106.3199, 71.05258, 165.2304, -97.81905, -61.86264, 140.1976, 45 | 0.01899672, 1.027309, 0.3561578 | 1
-105.628, 71.46242, 165.5747, -97.97434, -62.30603, 139.3599, 45 | 0.01836675, 1.024537, 0.3552002 | 1
-105.3363, 71.84789, 165.7808, -98.2847, -62.52221, 138.852, 45 | 0.01810843, 1.021606, 0.3545029 | 1
-105.5305, 71.92101, 165.7337, -98.4446, -62.28296, 138.9281, 45 | 0.01791286, 1.020673, 0.3543175 | 1
-105.6135, 72.18288, 165.8301, -98.79246, -62.22578, 138.5593, 45 | 0.0176492, 1.017282, 0.3541681 | 1
-105.4662, 72.35384, 165.9057, -98.96761, -62.44496, 138.3972, 45 | 0.01752257, 1.016076, 0.3541394 | 1
-105.2399, 72.73569, 166.0102, -99.41807, -62.90458, 138.2062, 45 | 0.01736939, 1.013565, 0.3542408 | 1
-105.1985, 72.82575, 166.0478, -99.50451, -62.88968, 138.0678, 45 | 0.01718497, 1.012575, 0.3541434 | 1
-105.5188, 72.91681, 166.0197, -99.70472, -62.39412, 137.92, 45 | 0.01674318, 1.010084, 0.3539326 | 1
-105.5542, 73.20002, 166.0884, -100.0772, -62.29271, 137.5525, 45 | 0.01617378, 1.006354, 0.3539481 | 1
-105.2282, 73.44644, 166.1979, -100.2951, -62.70149, 137.3081, 45 | 0.01599637, 1.004853, 0.3540845 | 1
-105.6404, 73.61369, 166.0688, -100.7356, -62.68061, 137.5199, 45 | 0.01649398, 1.002647, 0.3549187 | 1
-106.6649, 73.57652, 165.7497, -101.1363, -61.9493, 138.0782, 45 | 0.01695859, 1.000705, 0.3557044 | 1
-105.5349, 74.13426, 166.182, -101.3362, -62.61277, 136.8643, 45 | 0.01568866, 0.9964277, 0.3551098 | 1
-104.7585, 74.49022, 166.4628, -101.4801, -63.31583, 136.2175, 45 | 0.01536247, 0.9945511, 0.3549328 | 1
-104.8848, 74.71964, 166.4259, -101.8272, -63.34552, 136.1023, 45 | 0.01573643, 0.9917809, 0.3556067 | 1
-105.566, 74.65622, 166.206, -102.0232, -62.86304, 136.3793, 45 | 0.01632711, 0.9903026, 0.3564392 | 1
-105.9717, 74.67255, 166.0353, -102.2358, -62.61141, 136.7205, 45 | 0.01652172, 0.989651, 0.3568974 | 1
-105.2691, 75.14967, 166.2832, -102.5543, -63.19889, 135.9351, 45 | 0.01614618, 0.9857558, 0.3571463 | 1
-104.8991, 75.33135, 166.4414, -102.6065, -63.41327, 135.3768, 45 | 0.01599732, 0.983638, 0.3572582 | 1
-105.1838, 75.47164, 166.3013, -102.9439, -63.4695, 135.5526, 45 | 0.01672596, 0.9818414, 0.3583685 | 1
-105.2859, 75.55394, 166.2446, -103.1166, -63.53777, 135.6501, 45 | 0.01701483, 0.9810975, 0.3588164 | 1
-104.6316, 75.85919, 166.5317, -103.1503, -63.69515, 134.5712, 45 | 0.01640135, 0.9770539, 0.3587022 | 1
-104.386, 75.95412, 166.6379, -103.1327, -63.75732, 134.1497, 45 | 0.01629427, 0.9755969, 0.3587384 | 1
-104.5643, 75.9823, 166.5512, -103.256, -63.72407, 134.3241, 45 | 0.01659834, 0.9752781, 0.3591173 | 1
-105.0857, 76.08803, 166.2826, -103.6979, -63.81323, 135.0251, 45 | 0.01754469, 0.9749804, 0.3602595 | 1
-105.1783, 76.14709, 166.228, -103.8265, -63.82848, 135.0888, 45 | 0.01776481, 0.9742684, 0.3606713 | 1
-104.8037, 76.26489, 166.414, -103.7164, -63.59412, 134.1572, 45 | 0.01704636, 0.97079, 0.360579 | 1
-104.1135, 76.52653, 166.6854, -103.7439, -64.00305, 133.2458, 45 | 0.01668856, 0.9677685, 0.3607707 | 1
-104.0837, 76.84089, 166.5795, -104.2877, -64.7499, 133.7132, 45 | 0.01752266, 0.9673594, 0.3620244 | 1
-104.2349, 76.91821, 166.4958, -104.4842, -64.81012, 133.8838, 45 | 0.01781857, 0.9667039, 0.3625401 | 1
-104.0907, 76.97166, 166.5726, -104.4751, -64.85305, 133.5766, 45 | 0.01777413, 0.9655991, 0.3626126 | 1
-104.106, 77.03837, 166.6484, -104.4844, -64.44322, 132.9488, 45 | 0.01732084, 0.9621376, 0.3625857 | 1
-103.9211, 77.14316, 166.7471, -104.5129, -64.45068, 132.6131, 45 | 0.01701742, 0.9607794, 0.3623472 | 1
-103.563, 77.40218, 166.868, -104.7454, -64.98048, 132.4607, 45 | 0.01710236, 0.9599797, 0.3624078 | 1
-103.6605, 77.47297, 166.8124, -104.9032, -65.04513, 132.6221, 45 | 0.01726401, 0.9596963, 0.3626525 | 1
-103.6312, 77.64941, 166.8336, -105.1225, -65.14623, 132.4891, 45 | 0.0173572, 0.957976, 0.362861 | 1
-103.5854, 77.75474, 166.8777, -105.2002, -65.0036, 132.2768, 45 | 0.0169718, 0.9565258, 0.3625405 | 1
-102.7341, 78.14122, 167.3181, -105.2519, -65.19821, 130.9423, 45 | 0.01590177, 0.9519109, 0.3615125 | 1
-102.6901, 78.25077, 167.288, -105.4259, -65.52512, 131.2028, 45 | 0.0162603, 0.9525716, 0.3617748 | 1
-103.0424, 78.4671, 167.1284, -105.9218, -65.76146, 131.5983, 45 | 0.01715949, 0.9511884, 0.3627652 | 1
-103.0076, 78.47475, 167.1602, -105.8968, -65.65237, 131.4192, 45 | 0.01692352, 0.9504179, 0.3626651 | 1
-102.7294, 78.64795, 167.3158, -105.9743, -65.65762, 130.8493, 45 | 0.01641774, 0.9478289, 0.3624164 | 1
-101.784, 79.07533, 167.6685, -106.1703, -66.39567, 130.1304, 45 | 0.01574805, 0.9459084, 0.3619365 | 1
-101.7525, 79.16308, 167.6635, -106.2915, -66.55447, 130.1848, 45 | 0.01592958, 0.945695, 0.3621275 | 1
-102.2763, 79.11948, 167.5076, -106.438, -66.24835, 130.3152, 45 | 0.01654196, 0.9441761, 0.362769 | 1
-102.4598, 79.11449, 167.4673, -106.4789, -66.02529, 130.247, 45 | 0.01659122, 0.94303, 0.3628683 | 1
-102.2793, 79.26664, 167.5308, -106.6087, -66.23685, 130.1225, 45 | 0.01662546, 0.9422858, 0.362874 | 1
-102.4086, 79.3233, 167.4889, -106.74, -66.23973, 130.192, 45 | 0.01687795, 0.9416596, 0.3630831 | 1
-103.1483, 79.27964, 167.2319, -106.9849, -65.85266, 130.6631, 45 | 0.01756021, 0.9407398, 0.3636885 | 1
-104.7442, 78.95489, 166.711, -107.2064, -64.7252, 131.6051, 45 | 0.01848105, 0.9399124, 0.3645231 | 1
-105.7794, 78.65459, 166.4451, -107.2506, -64.19824, 131.9875, 45 | 0.02004987, 0.9392475, 0.3655776 | 1
-107.0727, 78.3699, 165.9307, -107.3769, -63.14011, 133.264, 45 | 0.02056485, 0.9411597, 0.365651 | 1
-108.0509, 78.1221, 165.6269, -107.4531, -62.53537, 133.9467, 45 | 0.02171779, 0.9417837, 0.3661453 | 1
LU
95.27946, 55.92257, -159.0753, -80.71576, 4.70535, 171.8015, 45 | -0.02984148, 1.223108, 0.3512394 | 1
95.14081, 55.93673, -159.0828, -80.62362, 4.863799, 171.6401, 45 | -0.02959785, 1.223105, 0.3512167 | 1
95.04013, 55.92535, -159.0405, -80.49379, 4.968557, 171.4134, 45 | -0.02946585, 1.222785, 0.3518219 | 1
94.99525, 55.94146, -159.0344, -80.50729, 5.00784, 171.4478, 45 | -0.02953398, 1.222819, 0.3518977 | 1
94.53472, 56.09366, -159.0714, -80.48321, 5.358114, 171.2494, 45 | -0.02851927, 1.222585, 0.3517385 | 1
94.50379, 56.11069, -159.0721, -80.43681, 5.388856, 171.0684, 45 | -0.02821279, 1.222209, 0.3518484 | 1
94.56635, 56.15915, -159.0761, -80.4939, 5.489834, 171.1132, 45 | -0.02899504, 1.222149, 0.3518009 | 1
94.75288, 56.16663, -159.0663, -80.60761, 5.359013, 171.2221, 45 | -0.02935565, 1.221885, 0.3518969 | 1
94.88787, 56.15805, -159.055, -80.66419, 5.200122, 171.2521, 45 | -0.02939609, 1.221605, 0.3520265 | 1
94.71744, 56.23214, -159.06, -80.68665, 5.250605, 171.1032, 45 | -0.02845526, 1.221044, 0.3521895 | 1
94.65427, 56.25079, -159.0597, -80.6846, 5.310558, 171.1096, 45 | -0.02848509, 1.221095, 0.3522066 | 1
94.63129, 56.29161, -159.0307, -80.75125, 5.394462, 171.1899, 45 | -0.02882585, 1.220932, 0.3525993 | 1
94.57064, 56.31936, -159.0023, -80.80101, 5.433023, 171.2514, 45 | -0.02877963, 1.220773, 0.3529942 | 1
94.9302, 56.29569, -158.9464, -80.98448, 4.98608, 171.36, 45 | -0.02872959, 1.219823, 0.3536946 | 1
95.01316, 56.30203, -158.9265, -81.08395, 4.877658, 171.4944, 45 | -0.02882689, 1.219661, 0.3539257 | 1
94.93045, 56.33206, -158.8985, -81.08003, 4.904076, 171.3541, 45 | -0.02822706, 1.219075, 0.3544381 | 1
94.93185, 56.33491, -158.8969, -81.05824, 4.859732, 171.25, 45 | -0.02793816, 1.218804, 0.354516 | 1
94.93258, 56.34607, -158.8955, -81.07663, 4.871591, 171.2543, 45 | -0.02793542, 1.218729, 0.3545552 | 1
95.14452, 56.36988, -158.8649, -81.23025, 4.664536, 171.2768, 45 | -0.02777967, 1.217841, 0.355056 | 1
95.51158, 56.32384, -158.8029, -81.36842, 4.322587, 171.323, 45 | -0.02782512, 1.216885, 0.3558842 | 1
96.15281, 56.29947, -158.735, -81.58733, 3.618732, 171.1484, 45 | -0.02737889, 1.214622, 0.3569714 | 1
96.09824, 56.38639, -158.7321, -81.71638, 3.611163, 171.1797, 45 | -0.02699348, 1.214094, 0.3571543 | 1
95.81507, 56.55344, -158.7236, -81.93864, 3.889643, 171.4325, 45 | -0.02683684, 1.213944, 0.3574314 | 1
95.94515, 56.64089, -158.7074, -82.15985, 3.769439, 171.5614, 45 | -0.02696186, 1.213181, 0.3577653 | 1
96.28523, 56.70015, -158.6535, -82.45938, 3.440112, 171.6971, 45 | -0.02701446, 1.211769, 0.3586446 | 1
97.30869, 56.7709, -158.509, -83.10986, 2.332699, 171.757, 45 | -0.02653399, 1.207554, 0.3610841 | 1
97.51818, 56.86349, -158.5086, -83.36433, 2.01704, 171.8312, 45 | -0.02627492, 1.206422, 0.3612949 | 1
97.31368, 57.02876, -158.5359, -83.66462, 2.313171, 172.2419, 45 | -0.0263226, 1.206593, 0.3611027 | 1
97.18315, 57.1071, -158.5448, -83.76703, 2.462857, 172.329, 45 | -0.02605653, 1.206498, 0.361086 | 1
97.71741, 57.23888, -158.5153, -84.26609, 1.932397, 172.3417, 45 | -0.02511185, 1.203661, 0.3620718 | 1
98.14818, 57.26424, -158.5018, -84.48737, 1.504758, 172.2236, 45 | -0.02455398, 1.201881, 0.3625982 | 1
98.08462, 57.34395, -158.5126, -84.71023, 1.627347, 172.5177, 45 | -0.02437723, 1.201858, 0.3626107 | 1
98.0175, 57.36954, -158.4935, -84.82507, 1.709787, 172.6788, 45 | -0.02403596, 1.201748, 0.3629597 | 1
98.148, 57.44501, -158.5076, -85.01837, 1.556597, 172.7643, 45 | -0.02392825, 1.201071, 0.3629481 | 1
98.85224, 57.4663, -158.4824, -85.39715, 0.8230482, 172.6109, 45 | -0.02274945, 1.19812, 0.3639451 | 1
98.85301, 57.51169, -158.4742, -85.52569, 0.8203337, 172.7096, 45 | -0.02249238, 1.197751, 0.3641807 | 1
98.54701, 57.67712, -158.4576, -85.71282, 1.133222, 172.9982, 45 | -0.02279544, 1.197869, 0.364372 | 1
98.62512, 57.73056, -158.4421, -85.84468, 1.040566, 173.0164, 45 | -0.02261478, 1.197135, 0.3647208 | 1
99.30537, 57.80388, -158.4175, -86.2957, 0.2611691, 172.8392, 45 | -0.02107438, 1.193686, 0.3658332 | 1
99.15233, 57.90219, -158.4281, -86.38723, 0.3761391, 172.9217, 45 | -0.02099329, 1.19364, 0.3657013 | 1
98.75636, 58.10626, -158.4626, -86.50885, 0.6390671, 173.0437, 45 | -0.02082303, 1.193824, 0.3651737 | 1
98.8504, 58.22074, -158.4652, -86.81877, 0.5525286, 173.2564, 45 | -0.02051798, 1.192919, 0.3654219 | 1
99.28227, 58.26558, -158.4522, -87.09757, 0.2098861, 173.2848, 45 | -0.02052221, 1.191308, 0.3659722 | 1
99.45639, 58.35688, -158.4435, -87.27023, 0.03377201, 173.278, 45 | -0.02078232, 1.190279, 0.3662305 | 1
99.34586, 58.52412, -158.4614, -87.52192, 0.04491983, 173.432, 45 | -0.02034122, 1.18964, 0.3661529 | 1
98.7981, 59.08013, -158.5645, -88.1901, 0.2199464, 173.885, 45 | -0.01928914, 1.188526, 0.3650357 | 1
98.75096, 59.10081, -158.5477, -88.12099, 0.347512, 173.6984, 45 | -0.01931283, 1.188255, 0.3652148 | 1
99.49423, 59.09735, -158.5091, -88.27042, -0.4099035, 173.1308, 45 | -0.01857615, 1.184957, 0.3662159 | 1
100.0895, 59.05676, -158.5049, -88.41177, -1.096235, 172.8226, 45 | -0.01775792, 1.182768, 0.3666838 | 1
99.21957, 59.45243, -158.5626, -88.55926, -0.3520583, 172.7843, 45 | -0.01654103, 1.182746, 0.3657717 | 1
98.99419, 59.54819, -158.5735, -88.65012, -0.05571795, 173.0495, 45 | -0.01713523, 1.183407, 0.365539 | 1
99.04716, 59.5843, -158.5838, -88.71504, -0.02979724, 173.0569, 45 | -0.01725399, 1.183167, 0.3654635 | 1
99.94679, 59.635, -158.5898, -89.06937, -0.8492384, 172.5659, 45 | -0.01602533, 1.179222, 0.3661035 | 1
99.92998, 59.68088, -158.5791, -89.11671, -0.9005131, 172.5903, 45 | -0.016168, 1.178999, 0.3662144 | 1
99.84122, 59.80579, -158.6153, -89.29558, -0.7808026, 172.7237, 45 | -0.01598546, 1.178802, 0.3658413 | 1
99.77922, 59.88469, -158.6331, -89.40683, -0.7050737, 172.8004, 45 | -0.01583979, 1.178635, 0.3656702 | 1
99.96633, 60.04768, -158.6264, -89.58766, -0.9362687, 172.4781, 45 | -0.01533866, 1.176498, 0.3659239 | 1
99.97356, 60.21469, -158.6849, -89.71333, -1.131625, 172.0886, 45 | -0.01371288, 1.17481, 0.3653011 | 1
99.84473, 60.35636, -158.7431, -89.78355, -1.114695, 171.8909, 45 | -0.01276863, 1.174167, 0.3645521 | 1
100.1407, 60.36658, -158.7581, -89.93513, -1.152418, 172.1345, 45 | -0.01422414, 1.174234, 0.3644633 | 1
100.15, 60.44364, -158.7412, -90.02627, -1.123282, 172.2574, 45 | -0.01512125, 1.174131, 0.3646185 | 1
99.84695, 61.07251, -158.959, -90.84457, -0.9550737, 172.8263, 45 | -0.01484263, 1.173256, 0.3619863 | 1
99.96686, 61.12407, -159.0015, -90.89903, -1.147459, 172.559, 45 | -0.01383314, 1.172216, 0.3615581 | 1
100.4864, 61.23832, -159.0367, -90.83469, -1.549779, 171.5447, 45 | -0.01340911, 1.169164, 0.3610724 | 1
100.5127, 61.28722, -159.0754, -91.02464, -1.517672, 171.9252, 45 | -0.01394567, 1.169683, 0.3606863 | 1
101.0903, 61.62518, -159.3489, -91.77546, -1.735946, 172.4945, 45 | -0.01505345, 1.169071, 0.3576237 | 1
101.3158, 61.67177, -159.4035, -91.85107, -1.834393, 172.3954, 45 | -0.0153116, 1.168589, 0.3569826 | 1
101.3346, 61.73676, -159.4563, -91.8822, -1.846062, 172.2987, 45 | -0.01517528, 1.168414, 0.3562728 | 1
101.544, 62.24236, -159.8058, -92.40228, -1.882885, 172.106, 45 | -0.01468983, 1.167084, 0.3518137 | 1
102.234, 62.30859, -159.9601, -92.71169, -2.272723, 172.1355, 45 | -0.01517132, 1.166123, 0.3501818 | 1
103.4686, 62.54865, -160.1861, -93.47834, -2.692129, 172.7012, 45 | -0.01858756, 1.164892, 0.3478307 | 1
103.5852, 62.56761, -160.2073, -93.52722, -2.905024, 172.609, 45 | -0.01815537, 1.164323, 0.3476301 | 1
103.9006, 62.77242, -160.3374, -93.7328, -3.432234, 172.0788, 45 | -0.01642057, 1.16194, 0.3460429 | 1
103.9664, 62.8231, -160.3483, -93.86514, -3.363119, 172.2757, 45 | -0.01708993, 1.16199, 0.3459768 | 1
105.0463, 63.25747, -160.5804, -94.84339, -3.457317, 173.064, 45 | -0.02129012, 1.160599, 0.3434757 | 1
105.2145, 63.4309, -160.6528, -95.18245, -3.556296, 173.3628, 45 | -0.02193072, 1.160151, 0.3426558 | 1
105.4599, 63.37848, -160.6458, -95.07478, -3.981839, 172.8605, 45 | -0.02078027, 1.158753, 0.3428335 | 1
106.4297, 63.66393, -160.7826, -95.74279, -4.524304, 172.9998, 45 | -0.02231357, 1.156024, 0.3415754 | 1
106.9077, 63.83894, -160.8645, -96.20395, -4.631135, 173.3952, 45 | -0.0238843, 1.155195, 0.3408452 | 1
107.3164, 64.15443, -161.0094, -96.92283, -4.874741, 173.9988, 45 | -0.02465138, 1.153941, 0.339463 | 1
107.3656, 64.13795, -161.0147, -96.84757, -5.053754, 173.6884, 45 | -0.02366874, 1.153246, 0.3394265 | 1
108.5278, 64.45964, -161.1844, -97.66422, -5.72165, 173.9194, 45 | -0.02526945, 1.149988, 0.3380172 | 1
109.1892, 64.55941, -161.2512, -98.07831, -5.98707, 174.274, 45 | -0.02712616, 1.148984, 0.3376234 | 1
109.4548, 64.89255, -161.3056, -98.74203, -6.038583, 174.9551, 45 | -0.02909243, 1.147905, 0.3370985 | 1
109.0758, 65.01225, -161.2826, -98.73116, -5.768887, 174.8827, 45 | -0.02861953, 1.147922, 0.3370146 | 1
109.0422, 65.07215, -161.2673, -98.77316, -5.732783, 174.8623, 45 | -0.0287886, 1.147615, 0.3371004 | 1
110.1525, 65.3642, -161.3202, -99.64598, -6.438271, 175.3387, 45 | -0.03112531, 1.144074, 0.337292 | 1
110.6586, 65.37633, -161.3195, -99.85062, -6.755771, 175.3857, 45 | -0.03197765, 1.142773, 0.3377117 | 1
110.2811, 65.54458, -161.3175, -100.0322, -6.57404, 175.5926, 45 | -0.03129739, 1.142672, 0.3375949 | 1
110.4292, 65.59492, -161.317, -100.136, -6.724766, 175.5078, 45 | -0.03109941, 1.141713, 0.3377439 | 1
111.0613, 65.79761, -161.3197, -100.7434, -7.208022, 175.864, 45 | -0.0323109, 1.139095, 0.3383783 | 1
111.8871, 65.76657, -161.3125, -100.9854, -7.969929, 175.7677, 45 | -0.03296828, 1.136683, 0.3392532 | 1
111.9308, 65.87111, -161.416, -101.2558, -8.077621, 175.911, 45 | -0.03159258, 1.136061, 0.338425 | 1
111.5875, 65.9814, -161.4441, -101.3607, -7.72968, 176.1563, 45 | -0.03132305, 1.136742, 0.3378689 | 1
111.646, 66.09531, -161.488, -101.6146, -7.782965, 176.3438, 45 | -0.03105423, 1.13611, 0.3375636 | 1
112.109, 66.23708, -161.5539, -102.0627, -8.293903, 176.4335, 45 | -0.03031933, 1.133763, 0.3375481 | 1
112.125, 66.28213, -161.5796, -102.1876, -8.319097, 176.4902, 45 | -0.02974832, 1.13333, 0.3374475 | 1
112.2757, 66.39558, -161.6254, -102.4165, -8.398295, 176.6, 45 | -0.02982759, 1.13258, 0.3370544 | 1
112.4102, 66.47735, -161.6549, -102.5877, -8.508201, 176.6665, 45 | -0.0298779, 1.131905, 0.3368418 | 1
112.6542, 66.64406, -161.735, -102.9602, -8.747633, 176.7863, 45 | -0.02930447, 1.130406, 0.3363072 | 1
112.7186, 66.80592, -161.7754, -103.3172, -8.794184, 177.1402, 45 | -0.02951664, 1.129698, 0.3360659 | 1
112.8006, 66.95097, -161.8345, -103.6626, -8.896276, 177.4692, 45 | -0.02942359, 1.129005, 0.3356754 | 1
113.0763, 66.98352, -161.8528, -103.7698, -9.180139, 177.2244, 45 | -0.02858493, 1.127441, 0.3358351 | 1
113.3532, 67.03201, -161.8376, -103.9268, -9.354709, 177.2524, 45 | -0.02925786, 1.126383, 0.336249 | 1
113.774, 67.17874, -161.8946, -104.4242, -9.66187, 177.7086, 45 | -0.03008854, 1.124934, 0.3362796 | 1
113.9606, 67.20341, -161.9216, -104.5254, -9.890536, 177.5837, 45 | -0.02933729, 1.12387, 0.3363067 | 1
114.6454, 67.255, -161.9602, -104.9227, -10.52406, 177.575, 45 | -0.02891934, 1.121021, 0.3370275 | 1
114.6689, 67.3315, -161.9582, -105.1015, -10.4928, 177.7907, 45 | -0.02934983, 1.120681, 0.3371645 | 1
114.8819, 67.44294, -161.9571, -105.4042, -10.68638, 178.0144, 45 | -0.02987424, 1.119439, 0.3375627 | 1
114.7612, 67.64008, -161.9612, -105.7761, -10.68718, 178.2519, 45 | -0.02897078, 1.118093, 0.3378012 | 1
115.0092, 67.75517, -161.9653, -106.0436, -10.97786, 178.2393, 45 | -0.02870345, 1.116262, 0.3381723 | 1
115.6887, 67.93082, -162.0313, -106.6996, -11.5889, 178.5761, 45 | -0.0288516, 1.113101, 0.3387504 | 1
115.7226, 68.08185, -162.0583, -107.1143, -11.58982, 179.083, 45 | -0.02915788, 1.112336, 0.3389045 | 1
116.3202, 68.18506, -162.0774, -107.5106, -12.17154, 179.125, 45 | -0.0294497, 1.109586, 0.3396444 | 1
116.4796, 68.20603, -162.0435, -107.5794, -12.27696, 179.0464, 45 | -0.02968335, 1.108638, 0.3402041 | 1
116.3861, 68.31129, -162.0118, -107.8453, -12.18798, 179.3397, 45 | -0.02958444, 1.107857, 0.340855 | 1
116.5839, 68.38228, -162.0222, -108.0339, -12.36283, 179.3668, 45 | -0.02959767, 1.106692, 0.3410659 | 1
116.6944, 68.45911, -162.0238, -108.245, -12.48424, 179.3865, 45 | -0.02900079, 1.105347, 0.3414663 | 1
116.6158, 68.52489, -162.0209, -108.3681, -12.43127, 179.4562, 45 | -0.0285019, 1.104874, 0.3415931 | 1
116.6872, 68.60815, -162.0513, -108.6487, -12.49082, 179.7041, 45 | -0.02811608, 1.103987, 0.3417597 | 1
117.1216, 68.87303, -162.1196, -109.4804, -12.9226, 180.5006, 45 | -0.02885792, 1.101243, 0.3423574 | 1
117.3398, 68.8852, -162.1399, -109.6448, -13.19102, 180.5419, 45 | -0.02848971, 1.10011, 0.3427626 | 1
116.9668, 68.96676, -162.083, -109.6287, -12.87506, 180.5181, 45 | -0.02794451, 1.100302, 0.3428637 | 1
116.8554, 69.03701, -162.0733, -109.7102, -12.7744, 180.5687, 45 | -0.02770668, 1.100075, 0.3428584 | 1
117.0172, 69.15292, -162.0476, -109.9826, -12.9254, 180.629, 45 | -0.02767545, 1.098322, 0.343547 | 1
117.2638, 69.20023, -162.0468, -110.2429, -13.19508, 180.8122, 45 | -0.02786797, 1.096919, 0.3442622 | 1
117.392, 69.23876, -162.0388, -110.3739, -13.41164, 180.7946, 45 | -0.0275594, 1.095783, 0.3447335 | 1
117.1325, 69.37155, -162.0321, -110.4772, -13.20078, 180.8119, 45 | -0.0268116, 1.095545, 0.3444407 | 1
117.0704, 69.46965, -162.0223, -110.6544, -13.15674, 180.9821, 45 | -0.026833, 1.095028, 0.3445894 | 1
118.3878, 69.48599, -162.0168, -111.2111, -14.39549, 180.8762, 45 | -0.02785072, 1.089591, 0.3470107 | 1
118.632, 69.52357, -162.0516, -111.4594, -14.62956, 181.1476, 45 | -0.02831799, 1.088707, 0.3473083 | 1
118.0046, 69.72456, -161.9849, -111.5312, -14.07107, 181.327, 45 | -0.02805448, 1.089383, 0.3469666 | 1
117.9117, 69.81017, -161.9395, -111.6005, -13.97322, 181.3337, 45 | -0.02824843, 1.088951, 0.3472108 | 1
117.926, 69.89697, -161.945, -111.7997, -13.99946, 181.4818, 45 | -0.02807915, 1.088182, 0.3473742 | 1
118.3891, 70.10867, -162.0039, -112.383, -14.57086, 181.633, 45 | -0.02739415, 1.084696, 0.3479211 | 1
118.515, 70.20139, -162.0424, -112.6262, -14.74428, 181.7884, 45 | -0.02720633, 1.083667, 0.3479152 | 1
118.5271, 70.39098, -162.1042, -112.9609, -14.77489, 182.0104, 45 | -0.02680507, 1.082662, 0.3473792 | 1
118.5413, 70.44846, -162.1024, -113.0568, -14.78705, 182.045, 45 | -0.02678099, 1.082184, 0.3474295 | 1
118.8776, 70.59644, -162.1316, -113.4322, -15.14566, 182.1234, 45 | -0.02668753, 1.079839, 0.3478111 | 1
118.7355, 70.65956, -162.0875, -113.5004, -15.01855, 182.219, 45 | -0.02682802, 1.079679, 0.3481073 | 1
118.6711, 70.77197, -162.0631, -113.6602, -14.94574, 182.294, 45 | -0.02676925, 1.078951, 0.3482862 | 1
118.7094, 70.85942, -162.0612, -113.8437, -14.97333, 182.4219, 45 | -0.02685934, 1.078174, 0.3484629 | 1
118.9555, 71.0556, -162.1653, -114.3143, -15.25538, 182.7576, 45 | -0.0267143, 1.076493, 0.347996 | 1
119.4763, 71.06303, -162.2815, -114.556, -15.74469, 182.7654, 45 | -0.02633283, 1.074861, 0.3478365 | 1
119.6461, 71.07429, -162.3552, -114.6828, -15.86904, 182.8407, 45 | -0.02597284, 1.074435, 0.3474988 | 1
119.553, 71.15749, -162.4192, -114.8724, -15.7843, 183.0448, 45 | -0.0251388, 1.074277, 0.3469818 | 1
119.4152, 71.23584, -162.348, -114.9464, -15.65723, 183.1027, 45 | -0.02542022, 1.073861, 0.3474916 | 1
119.3157, 71.38846, -162.2327, -115.1483, -15.5857, 183.1795, 45 | -0.02590421, 1.072446, 0.3485575 | 1
119.5222, 71.41158, -162.2459, -115.3053, -15.79322, 183.1797, 45 | -0.02561262, 1.071187, 0.3489938 | 1
119.3024, 71.53601, -162.1794, -115.4844, -15.5393, 183.4417, 45 | -0.02603635, 1.070882, 0.3494376 | 1
119.3246, 71.61195, -162.1462, -115.5905, -15.53768, 183.4436, 45 | -0.02623278, 1.070113, 0.3497477 | 1
119.4181, 71.71734, -162.1795, -115.8405, -15.66043, 183.5533, 45 | -0.02575493, 1.068894, 0.3497756 | 1
119.8347, 71.96423, -162.3103, -116.3365, -16.0923, 183.6912, 45 | -0.02556223, 1.066461, 0.3490031 | 1
119.8662, 72.05539, -162.3151, -116.5484, -16.13268, 183.8902, 45 | -0.0257118, 1.065691, 0.3491788 | 1
120.2301, 72.14621, -162.3017, -116.9223, -16.54087, 184.0119, 45 | -0.02576327, 1.062964, 0.3504107 | 1
120.3959, 72.18804, -162.2963, -117.0987, -16.82968, 183.9969, 45 | -0.02527142, 1.061349, 0.3511052 | 1
120.3029, 72.30853, -162.2787, -117.2834, -16.89133, 183.924, 45 | -0.02388334, 1.05988, 0.3514328 | 1
120.0623, 72.36098, -162.2582, -117.3363, -16.63211, 184.1433, 45 | -0.02401823, 1.060458, 0.3513281 | 1
120.0233, 72.4305, -162.2419, -117.5152, -16.59983, 184.3259, 45 | -0.02394572, 1.059785, 0.3517066 | 1
120.9495, 72.49677, -162.3791, -117.992, -17.69968, 184.0511, 45 | -0.02234128, 1.05499, 0.3524926 | 1
120.6985, 72.58644, -162.3679, -118.067, -17.53188, 184.1303, 45 | -0.02167109, 1.055024, 0.3522866 | 1
120.3775, 72.69913, -162.3862, -118.265, -17.1846, 184.5386, 45 | -0.02134469, 1.055528, 0.3518788 | 1
120.4219, 72.72753, -162.4076, -118.517, -17.26133, 184.7998, 45 | -0.02070415, 1.054481, 0.3524543 | 1
121.0026, 72.80484, -162.4684, -118.9661, -17.98199, 184.8648, 45 | -0.02017152, 1.050915, 0.3535695 | 1
120.9136, 72.86722, -162.4511, -119.0684, -18.02819, 184.8337, 45 | -0.0192259, 1.050056, 0.3538618 | 1
120.674, 72.99474, -162.4208, -119.21, -17.79634, 184.9375, 45 | -0.01869124, 1.049731, 0.3538033 | 1
120.6481, 73.05211, -162.4233, -119.3467, -17.74414, 185.1239, 45 | -0.01887524, 1.049466, 0.3538665 | 1
120.7226, 73.10998, -162.4184, -119.5416, -17.84786, 185.2657, 45 | -0.01882917, 1.048393, 0.3543577 | 1
121.3634, 73.158, -162.413, -119.9113, -18.67066, 184.9919, 45 | -0.01772055, 1.043823, 0.3562315 | 1
121.2102, 73.2671, -162.4535, -120.0919, -18.60117, 185.2076, 45 | -0.01711211, 1.043661, 0.3557856 | 1
120.8434, 73.43996, -162.4164, -120.3089, -18.26839, 185.5044, 45 | -0.01672405, 1.043543, 0.3556794 | 1
120.971, 73.51915, -162.4245, -120.5408, -18.45358, 185.581, 45 | -0.01636189, 1.042, 0.3561401 | 1
121.8083, 73.65496, -162.5144, -121.1631, -19.5119, 185.5519, 45 | -0.01549676, 1.036589, 0.3576063 | 1
121.7612, 73.75249, -162.5173, -121.3124, -19.51923, 185.6227, 45 | -0.01515594, 1.035909, 0.3575681 | 1
121.2674, 73.95162, -162.3857, -121.4873, -19.02456, 185.9614, 45 | -0.01570913, 1.036028, 0.3579342 | 1
121.1941, 74.04742, -162.3534, -121.6403, -18.96082, 186.0967, 45 | -0.01582798, 1.035406, 0.3581945 | 1
121.629, 74.12894, -162.3998, -121.9469, -19.41246, 186.0886, 45 | -0.01576918, 1.032874, 0.3587403 | 1
122.1988, 74.23804, -162.4777, -122.3628, -20.04749, 186.1526, 45 | -0.01586437, 1.029688, 0.3593549 | 1
122.0284, 74.31271, -162.4421, -122.4167, -19.90916, 186.2053, 45 | -0.01570535, 1.029624, 0.3593601 | 1
121.6915, 74.52574, -162.4579, -122.7504, -19.66438, 186.6313, 45 | -0.01502213, 1.029238, 0.358952 | 1
121.8968, 74.56035, -162.4751, -122.8481, -19.85793, 186.5166, 45 | -0.01482832, 1.028068, 0.3591187 | 1
122.5074, 74.61559, -162.5205, -123.1549, -20.39816, 186.3594, 45 | -0.01473364, 1.024856, 0.3599483 | 1
122.3476, 74.65411, -162.4923, -123.2711, -20.27353, 186.5967, 45 | -0.01465935, 1.024741, 0.360316 | 1
122.1713, 74.72201, -162.4745, -123.335, -20.13355, 186.7115, 45 | -0.01450375, 1.024858, 0.3602023 | 1
122.426, 74.86285, -162.46, -123.6668, -20.47968, 186.6002, 45 | -0.01365638, 1.021762, 0.3610805 | 1
122.4744, 74.92426, -162.4391, -123.8104, -20.5704, 186.6104, 45 | -0.0133858, 1.020591, 0.3615431 | 1
122.5412, 75.05592, -162.4357, -124.1326, -20.67464, 186.8448, 45 | -0.01337987, 1.018918, 0.36206 | 1
122.6565, 75.1468, -162.4553, -124.378, -20.83944, 187.0231, 45 | -0.01346985, 1.017613, 0.3623598 | 1
122.7762, 75.29677, -162.4465, -124.6935, -21.14578, 187.0854, 45 | -0.01299948, 1.015245, 0.3629996 | 1
122.5014, 75.42915, -162.3679, -124.7672, -20.89261, 187.1341, 45 | -0.01290852, 1.015124, 0.3630341 | 1
122.541, 75.59855, -162.3479, -125.0605, -20.94877, 187.236, 45 | -0.01277116, 1.013378, 0.3633487 | 1
122.8547, 75.70461, -162.3892, -125.3807, -21.27962, 187.3639, 45 | -0.01301742, 1.011242, 0.3637633 | 1
123.2122, 75.80831, -162.4492, -125.7104, -21.7127, 187.474, 45 | -0.01313671, 1.008918, 0.364148 | 1
123.8452, 75.95368, -162.5055, -126.0186, -22.54787, 186.9635, 45 | -0.01186126, 1.004557, 0.3646382 | 1
123.608, 76.12193, -162.4746, -126.2874, -22.32683, 187.364, 45 | -0.01214081, 1.004162, 0.3647225 | 1
123.1819, 76.40199, -162.4345, -126.8199, -21.88457, 188.2714, 45 | -0.01292789, 1.00365, 0.3649539 | 1
123.4175, 76.47863, -162.4618, -127.0798, -22.29068, 188.2712, 45 | -0.01231453, 1.00132, 0.3655872 | 1
124.1786, 76.53216, -162.5704, -127.4594, -23.31418, 188.0002, 45 | -0.01121587, 0.9967018, 0.3666114 | 1
124.0922, 76.64445, -162.5638, -127.6778, -23.31705, 188.2095, 45 | -0.01096982, 0.9957975, 0.3668212 | 1
123.2753, 76.89712, -162.4097, -127.9799, -22.52746, 188.9558, 45 | -0.01124981, 0.9965227, 0.3671296 | 1
123.3459, 76.97174, -162.4172, -128.1243, -22.65718, 188.984, 45 | -0.0111084, 0.9954963, 0.3672664 | 1
123.8196, 77.02183, -162.4646, -128.3142, -23.19684, 188.7231, 45 | -0.01070711, 0.9928153, 0.3677355 | 1
123.8263, 77.13243, -162.3517, -128.4407, -23.1348, 188.6928, 45 | -0.01134512, 0.9915329, 0.3685232 | 1
123.7406, 77.17534, -162.3534, -128.5168, -23.03396, 188.8538, 45 | -0.01146296, 0.9916424, 0.3684326 | 1
123.4469, 77.49839, -162.3035, -128.9347, -22.81556, 189.2778, 45 | -0.01169163, 0.9904596, 0.3682693 | 1
123.5564, 77.61084, -162.2835, -129.0995, -23.0095, 189.2422, 45 | -0.01177409, 0.988965, 0.3685656 | 1
123.9823, 77.77592, -162.2753, -129.4023, -23.5818, 189.0345, 45 | -0.01182085, 0.9855193, 0.3692802 | 1
124.0065, 77.84467, -162.2804, -129.5259, -23.59327, 189.1546, 45 | -0.01212585, 0.9850523, 0.369275 | 1
123.782, 77.99772, -162.2669, -129.7475, -23.4216, 189.5343, 45 | -0.01245189, 0.9849298, 0.3691299 | 1
123.6224, 78.22749, -162.2843, -130.0916, -23.41236, 189.8162, 45 | -0.01189005, 0.9836904, 0.3688487 | 1
123.8278, 78.26363, -162.324, -130.2064, -23.672, 189.7213, 45 | -0.01150286, 0.9824063, 0.3689343 | 1
124.1398, 78.34125, -162.3946, -130.4991, -24.0734, 189.7958, 45 | -0.01122627, 0.9801675, 0.3692759 | 1
123.9438, 78.47395, -162.2884, -130.6254, -23.9182, 189.9867, 45 | -0.01201031, 0.9797405, 0.3697609 | 1
123.628, 78.72042, -162.3222, -131.0121, -23.74461, 190.5283, 45 | -0.01166731, 0.9792225, 0.3692245 | 1
123.7465, 78.73335, -162.3408, -131.0366, -23.86883, 190.3847, 45 | -0.01128462, 0.9785804, 0.3691895 | 1
123.9449, 78.8201, -162.3422, -131.2491, -24.11882, 190.2851, 45 | -0.01067752, 0.9764297, 0.3696814 | 1
123.721, 78.94003, -162.3452, -131.417, -23.98607, 190.5678, 45 | -0.01048046, 0.9764017, 0.3694264 | 1
123.3872, 79.16871, -162.358, -131.7322, -23.8557, 190.9621, 45 | -0.009792715, 0.9758447, 0.3689713 | 1
123.6548, 79.19153, -162.4093, -131.8813, -24.12725, 190.9193, 45 | -0.009584695, 0.9743888, 0.3691776 | 1
124.11, 79.15322, -162.4562, -132.0636, -24.57403, 190.8719, 45 | -0.009644508, 0.9721175, 0.3700931 | 1
124.5979, 79.18283, -162.5366, -132.2921, -25.20195, 190.7594, 45 | -0.009415805, 0.9693933, 0.3706553 | 1
124.1921, 79.25575, -162.4331, -132.3127, -24.82249, 190.9773, 45 | -0.009484291, 0.9701062, 0.3708583 | 1
124.0255, 79.39663, -162.4, -132.5321, -24.67876, 191.2534, 45 | -0.009594977, 0.9695091, 0.3709687 | 1
124.2395, 79.43623, -162.455, -132.6564, -24.9169, 191.2152, 45 | -0.009457111, 0.9683919, 0.3709254 | 1
124.3056, 79.49072, -162.431, -132.729, -24.98776, 191.159, 45 | -0.009524792, 0.9675709, 0.3711448 | 1
124.3964, 79.63743, -162.37, -132.8879, -25.14178, 190.9823, 45 | -0.009313583, 0.9656869, 0.3715323 | 1
124.3937, 79.64081, -162.3888, -132.9305, -25.14633, 191.0919, 45 | -0.009438902, 0.9657149, 0.3715076 | 1
124.6651, 79.72136, -162.4902, -133.1449, -25.45788, 191.1498, 45 | -0.009409279, 0.9643469, 0.3712049 | 1
124.9106, 79.8045, -162.5318, -133.3216, -25.76409, 191.1379, 45 | -0.00961104, 0.9628131, 0.3712777 | 1
124.7528, 79.99859, -162.5245, -133.6439, -25.69868, 191.5246, 45 | -0.009739757, 0.9618015, 0.3713062 | 1
124.8039, 80.11549, -162.5727, -133.8736, -25.78945, 191.7614, 45 | -0.01001894, 0.9609565, 0.3711104 | 1
125.2387, 80.2019, -162.6664, -134.0729, -26.30433, 191.5866, 45 | -0.00983727, 0.9587346, 0.3710014 | 1
125.3344, 80.25947, -162.661, -134.1225, -26.39194, 191.5164, 45 | -0.01009977, 0.9581581, 0.3709556 | 1
125.2426, 80.32001, -162.6771, -134.227, -26.3057, 191.7401, 45 | -0.01033619, 0.9582748, 0.3707559 | 1
124.9026, 80.55083, -162.6627, -134.5592, -25.93375, 192.3167, 45 | -0.01083252, 0.9582573, 0.3703364 | 1
125.0338, 80.48507, -162.6645, -134.4758, -26.06302, 192.114, 45 | -0.01058936, 0.9580151, 0.370543 | 1
125.8028, 80.48399, -162.8893, -134.6276, -26.85878, 191.6801, 45 | -0.00960809, 0.9554327, 0.3699336 | 1
125.8349, 80.48245, -162.8498, -134.6395, -26.86167, 191.6549, 45 | -0.009833664, 0.955047, 0.3703297 | 1
125.8391, 80.54919, -162.8173, -134.763, -26.79903, 191.7878, 45 | -0.01038024, 0.954489, 0.3705971 | 1
126.0693, 80.57806, -162.8522, -134.8297, -27.00368, 191.6126, 45 | -0.01013291, 0.9534059, 0.3705559 | 1
126.4376, 80.57371, -162.9856, -134.9671, -27.35309, 191.6529, 45 | -0.01034066, 0.952404, 0.3702931 | 1
126.4657, 80.62778, -163.04, -135.0977, -27.38004, 191.8517, 45 | -0.01058573, 0.9522048, 0.3700203 | 1
126.5076, 80.66401, -163.0626, -135.1597, -27.3973, 191.8746, 45 | -0.01057401, 0.9519428, 0.3698505 | 1
126.5765, 80.6821, -163.0635, -135.2582, -27.42342, 191.9712, 45 | -0.01084837, 0.951353, 0.3701316 | 1
126.8165, 80.69908, -163.1347, -135.3342, -27.6307, 191.9031, 45 | -0.01084399, 0.9505939, 0.369905 | 1
127.3379, 80.77474, -163.3505, -135.5956, -28.17637, 191.8971, 45 | -0.01065767, 0.9487476, 0.3691468 | 1
127.5097, 80.78266, -163.4037, -135.6443, -28.33197, 191.8933, 45 | -0.01091427, 0.9483464, 0.3689845 | 1
127.6, 80.86304, -163.4595, -135.7514, -28.32946, 192.0083, 45 | -0.01150036, 0.9482851, 0.3684044 | 1
127.8326, 80.88708, -163.5078, -135.7636, -28.50237, 191.8378, 45 | -0.01164266, 0.9477899, 0.3680451 | 1
128.195, 80.88149, -163.5771, -135.7913, -28.7761, 191.6178, 45 | -0.01173246, 0.946857, 0.3678527 | 1
128.3652, 80.95563, -163.6599, -135.9848, -28.81824, 191.9024, 45 | -0.01280263, 0.9464904, 0.3674771 | 1
128.2832, 81.11149, -163.7347, -136.2224, -28.71416, 192.3179, 45 | -0.01345789, 0.9465781, 0.3666886 | 1
128.6134, 81.13863, -163.8468, -136.2599, -28.99886, 192.0528, 45 | -0.01292792, 0.9457608, 0.3660089 | 1
128.7772, 81.1603, -163.9009, -136.3177, -29.08201, 192.101, 45 | -0.0134947, 0.9455813, 0.3657148 | 1
128.8207, 81.2747, -164.0146, -136.4919, -29.10225, 192.3384, 45 | -0.01375473, 0.945601, 0.3647467 | 1
128.8591, 81.3244, -164.052, -136.527, -29.14053, 192.2564, 45 | -0.01332092, 0.9453963, 0.3643006 | 1
129.564, 81.64575, -164.0127, -136.5561, -29.31806, 191.5231, 45 | -0.01606283, 0.9440192, 0.3626783 | 1
129.7715, 81.8075, -163.9791, -136.5725, -29.27055, 191.2769, 45 | -0.01737306, 0.9437796, 0.361842 | 1
129.6993, 81.86507, -163.9977, -136.5694, -29.24036, 191.1927, 45 | -0.01678771, 0.9439567, 0.361286 | 1
130.0122, 82.07612, -164.0975, -136.4424, -29.03968, 190.285, 45 | -0.01552126, 0.9443843, 0.358294 | 1
129.9465, 82.22143, -164.0941, -136.4352, -28.80215, 190.1751, 45 | -0.01584628, 0.9450748, 0.357089 | 1
129.8605, 82.43791, -164.1758, -136.3925, -28.47589, 189.64, 45 | -0.01382819, 0.9457744, 0.3545223 | 1
130.8833, 82.2618, -164.3736, -136.2065, -28.98413, 188.5808, 45 | -0.01232731, 0.9441062, 0.3536645 | 1
133.9746, 81.78493, -164.6868, -135.6425, -30.31589, 185.8414, 45 | -0.01316372, 0.9393429, 0.3526615 | 1
134.0602, 81.89873, -164.6629, -135.4417, -30.12603, 184.8129, 45 | -0.01054278, 0.9388289, 0.3509972 | 1